0.0	0.3396728240373055	0.17468305772792994	0.10046130331187605	0.06899396120329929	0.2624565168810176	0.17101651831979625	0.25774425847818677	0.053493029817678985	0.21055068441467495	0.24969828920880996	0.16072455506003855	0.07111916391697917	0.01872455349928475	0.17524008775768696	0.17119203202802571	0.19395063339148497	0.14651936351347392	0.2099015457031403	0.22246794858711053	0.15832810440272238	0.08144342879925769	0.1110426269132638	0.10828897244410828	0.052562812659398536	0.055550881982192754	0.1828605872475421	0.09933311048728673	0.1940535292940195	0.24153295517589227	0.19125007355802834	0.13118792265549128	0.35712323405486884	0.0657016282370548	0.02174023492745585	0.04811043263658639	0.30137545402613736	0.20793988734159022	0.17296237717899493	0.0967993387260361	0.05579135806201111	0.07496563180777505	0.12624187394307668	0.051526257365559595	0.12935862804473247	0.10053976565290765	0.025097574384418075	0.15061148948527575	0.07660239605414335	0.28283821778017254	0.10557667247707452	0.0857473725840035	0.06835500650942943	0.027058182089399346	0.09915076244594603	0.054568900861265104	0.296937930288476	0.08580574422683102	0.05130026293225202	0.12176828417294447	0.22632906688138754	0.18964335916718594	0.2948825380105322	0.2624107796430227	0.032416993981221456	0.225801679144479	0.13384517476986346	0.06292288007742106	0.32684690310159376	0.28582104873961367	0.11972594199936344	0.08161135550618079	0.08700892541269338	0.20143681985728976	0.19702047437191247	0.3059781805946615	0.09193738212796584	0.24531725460785306	0.26423753570342445	0.23743341043924993	
0.3396728240373055	0.0	0.19208867126521526	0.2858953545203527	0.3470635055475861	0.093514601077422	0.1711304629702919	0.09631193894593319	0.3223052129891682	0.15165873263825783	0.09510593991607746	0.18925089473058732	0.2696289870520512	0.34339019977171276	0.16574221503218672	0.1753704931608096	0.1623455184922821	0.20159442758902574	0.21713832211981388	0.12573935665059177	0.1829888075127583	0.2613265089447024	0.235691123944549	0.3600234776510557	0.37771728080146877	0.3413210425596992	0.1665594266754579	0.33013618153124175	0.2253093886425366	0.10758369471679823	0.1540739269409744	0.22308553162764796	0.05417190276672675	0.27564432206660344	0.3204117547458196	0.3510982811689781	0.0691059749894881	0.13220732668086638	0.17775093929811578	0.256240633816424	0.29369010595478146	0.276566166589301	0.22030608099876603	0.28863132774104844	0.2111184631965273	0.23916002402670838	0.3418151176713338	0.18957981410828204	0.28871309035640247	0.1059308184706911	0.25148368159644224	0.30432993974772143	0.28727706331733377	0.35715211016212733	0.3859926201255286	0.32228303542977266	0.04279221631414286	0.39005046249630554	0.35910211344987675	0.2208166418539234	0.1545298632382631	0.15010117319878985	0.09219874915569856	0.11411994406520368	0.3184611939146123	0.1153340206236004	0.22395274934753567	0.30801366721676887	0.08400021933801609	0.08119199649209685	0.24375338463020246	0.33647738252344145	0.2807235656226295	0.14095339326993528	0.17342100997012383	0.046869073636667175	0.24990475566213793	0.09716959581394355	0.07780031425055085	0.13026089238413446	
0.17468305772792994	0.19208867126521526	0.0	0.0963981174755275	0.16090342753959802	0.1512528104573453	0.049443815476980436	0.09685236345584912	0.18271254298628462	0.13722690668543222	0.09768931713818325	0.027605846006759076	0.12058740459108769	0.18559982861696628	0.0851970160379376	0.10372205468935826	0.030268381516623387	0.10833100894622903	0.06048313956969468	0.12113962916676096	0.08582812100730662	0.09528607139641083	0.06548032105646548	0.16873928493270757	0.19896030315537971	0.20084386275472438	0.033303554268155365	0.13921878664253629	0.05426975860922241	0.1318633077884014	0.10393713059850973	0.12369484645321384	0.227918237622022	0.11112883996784513	0.15298830603084787	0.1700382255474209	0.1834559859897078	0.0910952868648241	0.11295057076752091	0.07813053944988219	0.14984979344998364	0.14193439112044162	0.052833809421025536	0.12597385503823036	0.08641703212682747	0.0929377055006259	0.16754779527244051	0.0606145821896706	0.1604392321087666	0.1112454842748544	0.13652238901607872	0.11619205503841133	0.10908246366342479	0.19894429503474076	0.19687496688230985	0.14038421782850746	0.15205766135109136	0.20377637063240722	0.21223945192136387	0.09908606249180903	0.051894290626594605	0.07181558795258693	0.1902813676773968	0.1691226342772411	0.16659051595125218	0.08451137328048423	0.040868355791451816	0.1733433783914118	0.21652878025447725	0.12071737599511627	0.14130416290413503	0.14790109272388458	0.09611899174924371	0.0623350458254734	0.022743847006458352	0.14896016261753947	0.11102964380891493	0.1222955947685978	0.11575713082061019	0.06744292525740365	
0.10046130331187605	0.2858953545203527	0.0963981174755275	0.0	0.06534858767078061	0.22985975782807835	0.11963225975432043	0.1924753271210519	0.13346352113817675	0.1951083454462888	0.1907939462170451	0.09732425019949076	0.08829556411705176	0.11705996394018534	0.14360504210576977	0.1520175209684748	0.1242924094693391	0.1382958450771034	0.11363751772602698	0.19235018426602915	0.13214517791759436	0.05947012996852017	0.0612582812233338	0.07484365553832781	0.10776103745349652	0.1461617815830825	0.11945918866618241	0.044811120984944726	0.09735949914657531	0.20836719718928914	0.16473814624272612	0.13812955940332833	0.3166012527913506	0.06385620071801955	0.08096719344233322	0.07843550817053824	0.2665851190520393	0.16713000269332112	0.1587212798808157	0.041362045185062146	0.10780316377272445	0.1135630750363737	0.07245954065296673	0.07185894539596575	0.10947976811988129	0.0869466159206933	0.08374373171729431	0.10946854556662196	0.1299173780250089	0.20672988156854272	0.13004392638913137	0.02039208117375227	0.037970250540153586	0.12751371837824776	0.1006067828470715	0.05075992328112253	0.244365537578871	0.107694856134536	0.1493692058263066	0.11301492542567934	0.14588343098167064	0.14529044088023865	0.2679548062145722	0.24036645876835264	0.10934846286366194	0.17253443274738897	0.062366492182030206	0.13181101977007084	0.2976708800251143	0.21709201557130342	0.14280521751830777	0.051507520864213	0.019267934233821168	0.14700401498109783	0.11837712552471458	0.24445293864348047	0.09766050129238808	0.20452517200780035	0.20826092850893183	0.16379250347045837	
0.06899396120329929	0.3470635055475861	0.16090342753959802	0.06534858767078061	0.0	0.2832959054629543	0.17700489163246966	0.2556645535865719	0.12009131847350214	0.24046681427441907	0.25238672842340293	0.15792899717583248	0.1067598660756029	0.08748119800916	0.19413980472155568	0.19739835189529883	0.18751362320023454	0.1776142141304988	0.17640861816137784	0.24397371951045804	0.17965669049515243	0.09368049588092046	0.11278830241310231	0.03936650609900146	0.047104288028424326	0.1245132340020179	0.1808750591597042	0.03669555122780916	0.16018897911995436	0.2615976683208839	0.21395957181543543	0.1696150089088954	0.3739803674152498	0.08547412544883108	0.06244853475515124	0.022935502173131943	0.3214168617184548	0.2222606546113253	0.20212445700625536	0.09137248786434081	0.1093877088866985	0.12437064400021901	0.12750197323705165	0.08102917751269151	0.15224853198196409	0.12341516447432117	0.04393112143936592	0.16216271248437497	0.1338850038666846	0.27179241298312296	0.15116379537183802	0.04500778735062907	0.06266580039482021	0.09163973733020359	0.041932738613900164	0.02875731540976293	0.30483151627947863	0.043114363524359656	0.11873264737682361	0.15046777440318435	0.21110058620967043	0.2010534179358298	0.3197769023329876	0.2897211364568435	0.09541741033324107	0.2321567546710573	0.12372963292006459	0.1259870243795133	0.3507591707403631	0.28117553115818583	0.16583282647595654	0.017746805070358303	0.06638119213460282	0.20639800646897177	0.18323032905194822	0.3072527018689356	0.1250798077012289	0.26055291847944	0.26927818577981133	0.2283179335269922	
0.2624565168810176	0.093514601077422	0.1512528104573453	0.22985975782807835	0.2832959054629543	0.0	0.11089957034246208	0.09023859237953943	0.23724310967088943	0.059254574598936974	0.07326705559046685	0.13576040102333065	0.19136089218316174	0.26304909015203104	0.08940227632844842	0.09142170745955006	0.12297772040551753	0.11706183647867144	0.19871076493855322	0.0400779002562088	0.10513794482266374	0.1909399614700947	0.171232861793933	0.30416859651051653	0.3063210344313396	0.25563903018447265	0.11837192833446426	0.2743948806524528	0.20015801687816845	0.02170106048460352	0.0712805747676809	0.13646674901997446	0.09509719273664705	0.20291817724633684	0.2454192033533038	0.2825235816689581	0.038928880284973794	0.0629459167514995	0.09103159539697649	0.19296198062056047	0.21157995925124867	0.19309010502699242	0.157813685257912	0.21383812604576846	0.1341047096847228	0.16392069617220772	0.269184520532313	0.12146559337228421	0.20268435335010637	0.12754273002105265	0.16524926820961208	0.24517672964879111	0.22076261759022844	0.2763465005923647	0.3246109899644738	0.25589145872253205	0.061777568257590995	0.3247335186676682	0.2744830936406532	0.14068832963908773	0.13902414318999767	0.08480502297091551	0.03907940559981648	0.027634471884991307	0.23733018725083746	0.06947491305156009	0.16902500308730872	0.2224144660729191	0.06783597410442378	0.10401903933904448	0.1555188670521673	0.27618337010476673	0.21959931367744379	0.08892301977991388	0.14178748062971044	0.08978134628011951	0.17052524500173452	0.02987195287415	0.06319587024779891	0.11703487016081186	
0.17101651831979625	0.1711304629702919	0.049443815476980436	0.11963225975432043	0.17700489163246966	0.11089957034246208	0.0	0.08738502201521962	0.16416347853921673	0.08826449296089874	0.07873884685014056	0.025978119346843454	0.10438160921520287	0.17733802789979122	0.035784370248256724	0.0549527494440333	0.036964717159641336	0.06459287862063531	0.10893485637109851	0.07577958276440742	0.03921210255837753	0.09071016313601023	0.06465656529864071	0.19438116811200126	0.20664323753366162	0.18338389791327317	0.022072580679936765	0.1644060817889452	0.10371300381592355	0.08979701095507976	0.05483807435810847	0.08396771975271917	0.19745406533738788	0.10568124719828623	0.15075175857799103	0.18000607271079527	0.14700238822066805	0.04795912977856167	0.06422980495674908	0.08565986469917473	0.1321049239271471	0.11881117478033693	0.04952089311797675	0.11949163488446903	0.05187623225098312	0.07281826028915636	0.17106091216145064	0.022455179792785208	0.1353973926319543	0.11782613835972844	0.10394677845092135	0.1361353806571548	0.11623423945035341	0.19123362247789455	0.2171504772912964	0.15139139277290303	0.12848557067702604	0.219683129530504	0.1983668863128341	0.06512246295486428	0.07534157214972388	0.026167051843229042	0.14959157665877984	0.1246193285830276	0.1541712876377728	0.05581222531110566	0.05814036941921071	0.15197730487824013	0.17848033421947807	0.1159936551190881	0.10449047135295086	0.16789515430459573	0.11125089433877278	0.03054785810505105	0.0547407681548687	0.13503366176626005	0.08786167522916591	0.08489295122492066	0.09400003984110204	0.0742406838411243	
0.25774425847818677	0.09631193894593319	0.09685236345584912	0.1924753271210519	0.2556645535865719	0.09023859237953943	0.08738502201521962	0.0	0.25075241645931645	0.11828274720164834	0.01845148348036106	0.09884903159028258	0.1917366937773682	0.2646511599433143	0.09881433206388023	0.11651634876885969	0.06823721300685354	0.13882430653089176	0.12314089900472173	0.08775759274534053	0.1139865966796649	0.17659579461304595	0.14820569639997574	0.2655665293443275	0.29013547847993393	0.27004740816943823	0.07580952603438398	0.23595002668767767	0.1298480145095074	0.08243427141906627	0.09930147028714927	0.16117193429822535	0.1383732725312527	0.1920877912101398	0.23703320566534594	0.2622038073136483	0.10674850702391019	0.0700915894957585	0.1231790612982448	0.1669983521246646	0.2191363143331348	0.20487871584889938	0.1325706250973781	0.2062827668508697	0.13678527036740387	0.1601669073368731	0.25588951923240966	0.10927654678747423	0.22041922908884767	0.04055882881239292	0.18609782807439534	0.21170257876113258	0.1987719688079396	0.2785396454860149	0.2930723941762802	0.23272740496668698	0.05999181237843941	0.2987711930580521	0.28553086891035107	0.14912208592491613	0.05954064604405706	0.07602975921134415	0.12250026773070292	0.11704686126024748	0.24154519272172545	0.04079035683155363	0.13199126330651195	0.23797990776257572	0.13962834338106456	0.02882186953826077	0.18302876636223445	0.24375353329601118	0.18950460339074737	0.05827949811330751	0.07723919211628295	0.052109248458389566	0.17461046045766895	0.06435465813106672	0.0288535561376846	0.03471241819151047	
0.053493029817678985	0.3223052129891682	0.18271254298628462	0.13346352113817675	0.12009131847350214	0.23724310967088943	0.16416347853921673	0.25075241645931645	0.0	0.18055403720573798	0.2393907150492592	0.16205982509921094	0.0622135851452315	0.03918510418136695	0.1572365518295895	0.14731066819007935	0.19457923371003855	0.12103093084491244	0.2294529123280855	0.1986685180578534	0.14012091619123868	0.08982372517629027	0.11783217325952974	0.1593138056588175	0.10442600300217403	0.0193140684967102	0.1810760293447755	0.14557551172994407	0.2149164504851216	0.21787263804818044	0.1685852853521374	0.1007791245963689	0.3321324082829176	0.07590852951608877	0.05895664411014983	0.10090669249317734	0.2754111641507533	0.19094003175934848	0.14633166025321145	0.11282828759149323	0.032932095813594305	0.046164497837060746	0.12996508322328104	0.06320242206251196	0.11416012739886984	0.09235024156030651	0.07750309357797149	0.14180084770658644	0.03480228310138213	0.2816619086248372	0.07201488512505096	0.12471669144504646	0.09569252700233079	0.047173606915041195	0.1526080760471145	0.09936896131372851	0.28050916715116886	0.13905190280640178	0.03724936819244676	0.10259636445178744	0.23125651158457874	0.17649816843696237	0.2653989985907676	0.23213000976905931	0.025438990191306673	0.2139866471854676	0.1446723361648764	0.015077859657455733	0.29725739129725137	0.27956171499621396	0.0830832321711748	0.12996810944312087	0.11563919849482228	0.19248955034014012	0.20298152309548134	0.294365550626619	0.07630284773715251	0.2253180542071539	0.25136660080710693	0.237001855647223	
0.21055068441467495	0.15165873263825783	0.13722690668543222	0.1951083454462888	0.24046681427441907	0.059254574598936974	0.08826449296089874	0.11828274720164834	0.18055403720573798	0.0	0.10007562699225182	0.11369337881582459	0.1405329811225746	0.2090312915822207	0.054030721434136515	0.043400759679914976	0.11642713826142925	0.06439822901443058	0.19465906305225772	0.031080099083926862	0.06296644473158076	0.1468143794251952	0.13387922655614054	0.26636845150049127	0.25760101203871577	0.19845089436384403	0.10540642264740532	0.23771888221487072	0.19122392605423488	0.04494734225522313	0.03343595372842326	0.08046083161372145	0.1523116156473789	0.15618401447385089	0.1954602764690566	0.23626780868514186	0.09560124735151021	0.053577528643500995	0.03849167740317913	0.1547820899460976	0.15719927756805138	0.13809381809533788	0.12374972403560051	0.16498295587499137	0.08829997223657193	0.11722209637409015	0.22035939998426834	0.0875778951718099	0.145766336529389	0.15883076440447014	0.10877790466692484	0.2072089138908788	0.17822090466576682	0.2218640638034246	0.2823865146423118	0.21200705063070405	0.11512520738811335	0.2798017925514229	0.21774928564188722	0.09092351557595683	0.1463876830092478	0.06642382496365926	0.08501705250268922	0.05200158818165981	0.1831701909225253	0.08053569358580198	0.14037840288509537	0.1655470514050333	0.1169975714690632	0.14159367633480396	0.09777463241467266	0.23610612661430508	0.1814328134303067	0.08311929707748356	0.13692120466388996	0.13878206905538418	0.11963806035157798	0.06046733859579451	0.1004899766632758	0.1314520843392751	
0.24969828920880996	0.09510593991607746	0.09768931713818325	0.1907939462170451	0.25238672842340293	0.07326705559046685	0.07873884685014056	0.01845148348036106	0.2393907150492592	0.10007562699225182	0.0	0.09445870465636985	0.1819108223210938	0.2554859777957476	0.08448356483770146	0.1009345528919691	0.06758598148480657	0.12439901949532903	0.13228247202506496	0.06940559873857473	0.1005465407118163	0.16936556989812024	0.14221010551272065	0.2649554035163038	0.28465355392780467	0.25870322199835016	0.0715729019094883	0.23504571840901362	0.13705815210922687	0.06417008992146345	0.08265791453441022	0.14688278219895873	0.13125801468874362	0.18441940433394333	0.22949036948970286	0.2573705169728313	0.09370042773115937	0.05365262447391624	0.10702980159634363	0.16212297223033323	0.2084359904569306	0.19327692757521656	0.12662082457682797	0.1981858194571029	0.1252599851282157	0.1504722691938005	0.2495256232432887	0.09945197324730856	0.2080632836263187	0.05891443657400336	0.17280233872200043	0.20932139730359756	0.19356654445306307	0.2693824888910381	0.29097978306275796	0.2282212254188831	0.05437054717788222	0.29545314398841593	0.27486710572219464	0.13698708698188336	0.06929023941458401	0.06300516030227331	0.10744170170275008	0.09954187909988152	0.23168690899992592	0.025691759945959326	0.12895785172764546	0.22615911888482693	0.12715072324259724	0.043307914290891	0.16874600634524806	0.24147387392956474	0.18600560250664644	0.048261610032659365	0.08089578919210696	0.05629532701137846	0.16380734521922305	0.046253324714012264	0.018152258970378126	0.045295705468236976	
0.16072455506003855	0.18925089473058732	0.027605846006759076	0.09732425019949076	0.15792899717583248	0.13576040102333065	0.025978119346843454	0.09884903159028258	0.16205982509921094	0.11369337881582459	0.09445870465636985	0.0	0.10004756025167447	0.16950488336171957	0.06015442886626865	0.07740126500578041	0.03333644214246454	0.08073148951159576	0.08796823504319384	0.1016284986976211	0.058728643105152786	0.0793232884527185	0.049860218951081954	0.1720935429980144	0.19128644779783668	0.1807792679821637	0.02310488955113908	0.14204767353341727	0.0805835157278554	0.11501062048056858	0.08028515938829509	0.09635970745614786	0.21946951525700767	0.09522958287636626	0.13949859968629844	0.16344059362950455	0.17085787095325672	0.07310220842126869	0.08651343469273659	0.06816384318961378	0.12917479161209677	0.1190955500224674	0.034482684604432656	0.10991579961225278	0.05946984204962789	0.07010719178252986	0.15727628483342887	0.03302514886253572	0.137130818097041	0.12223037866930359	0.11068361704962622	0.1151772494348465	0.09992308334969899	0.18322487160396558	0.19680822963348935	0.13406560959645145	0.14730443791229825	0.20099546994962617	0.1937885208843537	0.07246806732764399	0.06927705670956401	0.05170001108080713	0.17468080863032617	0.15043703016952248	0.14838976947803695	0.07521020339976574	0.03496210188540132	0.1514987868164481	0.20293115579726465	0.12596845421974334	0.11453559640790989	0.14729677370847755	0.0915484516398131	0.04974401118604514	0.04203203607996655	0.14968850674468803	0.08764152117639801	0.10861658447723414	0.11145325263255684	0.0768165786719783	
0.07111916391697917	0.2696289870520512	0.12058740459108769	0.08829556411705176	0.1067598660756029	0.19136089218316174	0.10438160921520287	0.1917366937773682	0.0622135851452315	0.1405329811225746	0.1819108223210938	0.10004756025167447	0.0	0.07386764181233792	0.10441099622895042	0.1002085788372765	0.13286360048671145	0.07615097605375472	0.16949275226662427	0.15135499577144806	0.0873659826836506	0.03172093505005178	0.05632078857372093	0.140284514047172	0.11719058880925287	0.08074649995541762	0.1197837209818245	0.11695521119138423	0.15571141764710122	0.17041383172456787	0.12013406222335764	0.06381054598381751	0.2860066037351296	0.024954836153540584	0.054932734498701764	0.09781059829661379	0.23028560284559788	0.13750624248635832	0.10244702864484052	0.056009368168991026	0.029289847336717124	0.02589790625719614	0.06778506180663962	0.025926281732373834	0.058593622777438965	0.03156979602445799	0.0800609809145699	0.08258896142301804	0.04398934649026487	0.22075261566341398	0.044977386454856126	0.08827314098237982	0.0534060746681898	0.08771314479665525	0.14779931557508766	0.07836372105594028	0.22703850233687095	0.14187527651065376	0.09425907078257685	0.0506869687064121	0.16913275920257867	0.12021491954069748	0.22423478726244614	0.19207964862461813	0.04982855706715757	0.1571886564911267	0.08344932889235827	0.05313895963460472	0.25613609240007584	0.22037525011835576	0.05939987614770918	0.10799108389538414	0.06904320160239678	0.13396926192543449	0.14077266587035014	0.2378601790586327	0.02097112115143158	0.17447559774216534	0.1954180927453491	0.17572391580333194	
0.01872455349928475	0.34339019977171276	0.18559982861696628	0.11705996394018534	0.08748119800916	0.26304909015203104	0.17733802789979122	0.2646511599433143	0.03918510418136695	0.2090312915822207	0.2554859777957476	0.16950488336171957	0.07386764181233792	0.0	0.17786018606142945	0.17166733982212387	0.20283969769948998	0.1460963936285739	0.2241586600872892	0.2233865974451579	0.16067762904779834	0.09062266916945792	0.12066478986535513	0.12667200935821543	0.06549762741859269	0.037531309626598376	0.19091065637240584	0.11801868028194765	0.20855358885637468	0.242609776412797	0.1923604040527211	0.12868162811864364	0.35809085878095354	0.07464170987489321	0.03618713742056863	0.06603869512921273	0.3018235329753212	0.2111997066878193	0.17243766279595668	0.10885030571247306	0.05183218733724867	0.07105315120853559	0.13524105386399948	0.0597886339112194	0.1322717372078421	0.10504502550191241	0.04355906927549619	0.15603530210924688	0.06812374550176634	0.291671867326191	0.10131073624958477	0.1034245745768997	0.08285245295695692	0.013899400215347718	0.11566371415357088	0.07292976335189105	0.3008526386141422	0.10083529540084168	0.03289026024610964	0.12314278548283927	0.2367167730937648	0.1940742079125358	0.29393409889906996	0.2610319727376948	0.02586135936318733	0.23095277431610292	0.14509740974776603	0.051365529721778616	0.32594383922627634	0.2930824225284558	0.11458588968143663	0.10033459578460319	0.1023451459404126	0.207363254803787	0.2075205896229279	0.3115668636252386	0.09358077775491282	0.24774877152060246	0.26924021552136973	0.24628748857425287	
0.17524008775768696	0.16574221503218672	0.0851970160379376	0.14360504210576977	0.19413980472155568	0.08940227632844842	0.035784370248256724	0.09881433206388023	0.1572365518295895	0.054030721434136515	0.08448356483770146	0.06015442886626865	0.10441099622895042	0.17786018606142945	0.0	0.02064287263149761	0.06947944625867668	0.040028484927005586	0.1446002807970708	0.049834592193995254	0.017247781417405447	0.10154079635543323	0.08315210290230678	0.2166957071874347	0.21730410794270333	0.176437336141144	0.05596910644450193	0.18734390842650955	0.13946233363106303	0.0677859072763864	0.021346501247416973	0.062455231801614775	0.18254577179020298	0.1138022521203417	0.1571482114228859	0.19314648478883886	0.12800076568868526	0.03372089803759878	0.029624903605488327	0.1047544905811424	0.12796662842169798	0.11118755162128877	0.07126844378612901	0.12533310720805876	0.04588313566660944	0.07520927626570048	0.18031571041669808	0.034314568692053196	0.12463176121474628	0.13584563267264307	0.08856793940601437	0.15739379708637707	0.13151327105213845	0.19155690184679428	0.23565447564054484	0.16654713772404067	0.12350152939399518	0.23536154022477015	0.19368379163006247	0.05508864825244342	0.10526988805677313	0.023735011903764158	0.12571968777756584	0.09683795963267791	0.15276102469974284	0.05883490746263339	0.08663566677730751	0.1433628603914311	0.15662653804496227	0.12706423651751397	0.08432921950301007	0.18772240472800375	0.13158937775917912	0.044325822159082484	0.08901981057902213	0.137655713241061	0.08428147767995486	0.07008425445144324	0.0945727287879554	0.09753277036172098	
0.17119203202802571	0.1753704931608096	0.10372205468935826	0.1520175209684748	0.19739835189529883	0.09142170745955006	0.0549527494440333	0.11651634876885969	0.14731066819007935	0.043400759679914976	0.1009345528919691	0.07740126500578041	0.1002085788372765	0.17166733982212387	0.02064287263149761	0.0	0.08989270046550248	0.026287654099725413	0.16377364703956518	0.051764299629186106	0.02045041049489862	0.10372053285139891	0.0907602809692877	0.2229683586819563	0.2163488643294181	0.1661594804331243	0.07603873846154016	0.19436289029303272	0.15776324395855013	0.07101892661062503	0.0213109500279096	0.047906454584083644	0.18642427478629012	0.11380997737160244	0.15473199812071922	0.19399615344957366	0.1302806544899673	0.04754651995025707	0.00927705983183998	0.11146454640871023	0.1203580069759944	0.10220856945135445	0.0814996809106119	0.12354831523871738	0.04515735255336756	0.07459886152067599	0.1790808658592771	0.047032855296286806	0.11338901645087157	0.15470242068798298	0.07611394809235845	0.16382373934158206	0.13499066864631248	0.18502807007471309	0.23928500173622227	0.1690690053384529	0.1342675265946526	0.2372313061581953	0.18437338550207202	0.04956837987200926	0.12591267955939417	0.04372708867227294	0.12426527532034388	0.09278296493913639	0.1459981373732589	0.07581904126446974	0.09950411175657149	0.13281418214470053	0.15606165014280224	0.1441186460145033	0.06923396548554102	0.19274772068315774	0.13806372860425764	0.06442499803101864	0.10914206742106788	0.15148797792053295	0.0792800365073041	0.07820621748488027	0.10878031445733122	0.11769978974530443	
0.19395063339148497	0.1623455184922821	0.030268381516623387	0.1242924094693391	0.18751362320023454	0.12297772040551753	0.036964717159641336	0.06823721300685354	0.19457923371003855	0.11642713826142925	0.06758598148480657	0.03333644214246454	0.13286360048671145	0.20283969769948998	0.06947944625867668	0.08989270046550248	0.0	0.10155475052930475	0.0787187712075101	0.09611509094362491	0.07597188972122981	0.11260827038543354	0.08294201895583786	0.1978181255693165	0.22304919212925076	0.2134626718432971	0.01504247325247454	0.16804321853363668	0.07768020441899481	0.10459688297038658	0.08450092322128736	0.12068164786194793	0.19765921280139814	0.12853836048183484	0.17263877313908754	0.1947197316766032	0.15387988651626117	0.06585475459771525	0.09904425522409084	0.10004742079144625	0.16180410204320206	0.15070553849070112	0.06775075333649631	0.14324428127156913	0.08674095216163241	0.10226290564321422	0.18978318169367187	0.05707913578134593	0.16826736794298774	0.08891659116836531	0.1391311904987201	0.14346549475416218	0.13184994110500095	0.21656126698508446	0.2248656309130524	0.1651177588814094	0.12191874408426057	0.2306051075830846	0.2268725641823182	0.10015161834879047	0.038722088783041834	0.05018291544720657	0.1617812233425376	0.14262323304158175	0.18157624353103616	0.05481623460967426	0.06403716587148336	0.1835101035414079	0.18714774744943305	0.09399361676028474	0.14079154712121184	0.17552072371034738	0.12151118836305515	0.03522697843403366	0.0205194999485354	0.12016056483183062	0.1191971388334364	0.09350955865672439	0.08559018147226508	0.04349859922727212	
0.14651936351347392	0.20159442758902574	0.10833100894622903	0.1382958450771034	0.1776142141304988	0.11706183647867144	0.06459287862063531	0.13882430653089176	0.12103093084491244	0.06439822901443058	0.12439901949532903	0.08073148951159576	0.07615097605375472	0.1460963936285739	0.040028484927005586	0.026287654099725413	0.10155475052930475	0.0	0.16864119159931648	0.0778061784732765	0.026224935390426647	0.08468012463222216	0.07841759976755378	0.20586188951224987	0.19320859916841332	0.139872169529592	0.08663709435501966	0.17834432007173404	0.16029131954526002	0.09706002794597648	0.04758907754335375	0.022496423026933197	0.21215748895649864	0.09250384744838128	0.13106880038329627	0.17225609259650765	0.1557528858893541	0.0721552242377111	0.026452123650062085	0.09693997313301453	0.09452318667408711	0.07610649105898185	0.07330727030237764	0.10066969292277655	0.029178119717565548	0.05439540279984635	0.15597637049526725	0.04771976816592957	0.08712600756512122	0.17537961966514135	0.04995464055677623	0.14759574582728746	0.11629592420704257	0.15931459328780906	0.21951865193776798	0.14893445254715668	0.16030059930909957	0.2160052597984763	0.15811655140014033	0.0271464479980651	0.13971106483868534	0.06316321020326929	0.14836568131710653	0.11597743133930494	0.12032087422891659	0.0988047980261927	0.0937904335080655	0.10652742541534241	0.18033998182847763	0.16708932226926693	0.044347339468732296	0.17466714364917718	0.12241539670938138	0.08307113615072735	0.1186634050371559	0.1766153660747388	0.055240357948437596	0.1044510377003948	0.13365067569647582	0.13539948760620527	
0.2099015457031403	0.21713832211981388	0.06048313956969468	0.11363751772602698	0.17640861816137784	0.19871076493855322	0.10893485637109851	0.12314089900472173	0.2294529123280855	0.19465906305225772	0.13228247202506496	0.08796823504319384	0.16949275226662427	0.2241586600872892	0.1446002807970708	0.16377364703956518	0.0787187712075101	0.16864119159931648	0.0	0.17469945991445637	0.1462747564426198	0.13966417114879137	0.11356904316837241	0.17030487957268808	0.2210747486317714	0.24605652036251147	0.08938837838826756	0.14515416314176965	0.01629212830175143	0.18189721357813293	0.16200591270705264	0.1830438269457515	0.26151368467854696	0.15385180029647702	0.18862963370364808	0.1918884620533234	0.2254606638695239	0.14451245656645012	0.17303907832975657	0.11697427406346293	0.19767991852663624	0.1935138600191398	0.1057134878338856	0.16773369382763623	0.1453669819193155	0.14643369153112298	0.19648408536319664	0.12098198623866684	0.21231043574929187	0.116441880041389	0.1930595644870405	0.13328467647414954	0.14160554384281795	0.23630352753872663	0.2036131421095093	0.16428340244564685	0.18313201991808684	0.2157659057855602	0.2542025965666559	0.15738673354435595	0.0636350307100412	0.12824011187546858	0.2365693781312307	0.22026308816892973	0.2096250972754748	0.12923957510760592	0.08655872912591692	0.22240699513151355	0.2590383694993274	0.13678366404956607	0.19942338342602792	0.15993189800899266	0.12319114204708415	0.11372684343869915	0.05831153922092727	0.1704652553901465	0.16446343381571712	0.16883941647240736	0.14954522398348202	0.08848427813722888	
0.22246794858711053	0.12573935665059177	0.12113962916676096	0.19235018426602915	0.24397371951045804	0.0400779002562088	0.07577958276440742	0.08775759274534053	0.1986685180578534	0.031080099083926862	0.06940559873857473	0.1016284986976211	0.15135499577144806	0.2233865974451579	0.049834592193995254	0.051764299629186106	0.09611509094362491	0.0778061784732765	0.17469945991445637	0.0	0.06512863399253689	0.15118416085458933	0.13262548913434166	0.2660650777594787	0.26628133758481737	0.21733609499712495	0.08790488981297759	0.23651653716560841	0.17343531261355183	0.019260128111662278	0.031225931144763158	0.09820617809944271	0.13475571980984305	0.1629271160867856	0.20534293658389863	0.24267552050271401	0.0789930773403028	0.030304053347715125	0.0525101135568883	0.15431622188737198	0.17212208491001457	0.15389925268194637	0.11991711423377317	0.17376298291243114	0.09404383921243041	0.12387501755379572	0.22912714043913654	0.08303283457047125	0.16440065334943582	0.12830340143078262	0.12693208794177196	0.20684186114124573	0.18134083164050396	0.23677860075677273	0.2854793201746706	0.21633204418319246	0.08668069134043739	0.2851093838470666	0.2358314741768432	0.10071350467026226	0.12127048674069228	0.05003549820675911	0.07595337807762861	0.04884396962249438	0.19774775789342727	0.05198055198786206	0.13298149086468655	0.18400624417974346	0.10680473568838227	0.11053348836817219	0.11829719885245514	0.23742831282076007	0.1811029687485476	0.060973197101218235	0.11639390351299342	0.10860695049274	0.1305630416116884	0.030327844760016914	0.06945751755470841	0.10386513023154353	
0.15832810440272238	0.1829888075127583	0.08582812100730662	0.13214517791759436	0.17965669049515243	0.10513794482266374	0.03921210255837753	0.1139865966796649	0.14012091619123868	0.06296644473158076	0.1005465407118163	0.058728643105152786	0.0873659826836506	0.16067762904779834	0.017247781417405447	0.02045041049489862	0.07597188972122981	0.026224935390426647	0.1462747564426198	0.06512863399253689	0.0	0.08632187134002295	0.07093676813008867	0.20388907892160266	0.20118536150703228	0.15934938612062707	0.061247557003634705	0.1749792360877536	0.13930676153797447	0.0837424952632885	0.03437379597220352	0.04766270314445953	0.19904335135475343	0.09779852342290103	0.14055206945970491	0.17762270637193173	0.1439682993871121	0.05093081373530098	0.028728444874951367	0.09201502747796451	0.11071993402840671	0.09402646193073484	0.061120085814441574	0.10883016068588015	0.029080366212480474	0.058801072338678644	0.16407009985635412	0.026969448394621193	0.10779772181971425	0.1496644133679737	0.0722768184559391	0.1446085201353825	0.11701214956412387	0.17435535031136556	0.2213998009147687	0.15167654205104678	0.14073975736979294	0.22029584977232122	0.17648620006744722	0.03784328928191683	0.1137834372408745	0.03795687554470812	0.14032826104447793	0.11012066290604784	0.13553280440427393	0.07486157257666018	0.07908918275186437	0.1263536250030993	0.1716768044214293	0.14255217740285395	0.0693420514299957	0.17415026536292677	0.11877866626961561	0.05720250741204717	0.09387689468772029	0.1544754836236335	0.06709891028266983	0.08713013151089967	0.11140384278314734	0.10920360873520137	
0.08144342879925769	0.2613265089447024	0.09528607139641083	0.05947012996852017	0.09368049588092046	0.1909399614700947	0.09071016313601023	0.17659579461304595	0.08982372517629027	0.1468143794251952	0.16936556989812024	0.0793232884527185	0.03172093505005178	0.09062266916945792	0.10154079635543323	0.10372053285139891	0.11260827038543354	0.08468012463222216	0.13966417114879137	0.15118416085458933	0.08632187134002295	0.0	0.030043511548219624	0.12134215775641172	0.11669075639539297	0.10688908641100356	0.10143599541042603	0.09463777842417849	0.12532505600907315	0.16932318135145985	0.12069528949702607	0.08032695556369952	0.28345822609680504	0.015990746042004386	0.060448735716659735	0.09163759316912366	0.22950512585124963	0.1317456816744783	0.10854774352555917	0.02430553140098321	0.05818465051325302	0.05755194295661692	0.04485759501355445	0.03083427119599167	0.05856809959980288	0.030333967504889956	0.08048951997109459	0.07197039367783656	0.07568303762217335	0.20152457421083514	0.07061268978394869	0.0641312780347772	0.03162199322640316	0.10419116371559517	0.13558239080692844	0.06541401498166258	0.21855197169370374	0.13397831208651967	0.11709863739917556	0.05772115462653212	0.14611391378638872	0.11169355984316236	0.22664837866438434	0.196175049365505	0.07151506193744075	0.1463049530563673	0.05549434993115342	0.08312223982830817	0.25792737653168557	0.2045004001758658	0.08337388815838162	0.08998782279385785	0.04087442723882297	0.12125694568224982	0.11696198522446546	0.22562831790949783	0.038219086243807474	0.17003238307825394	0.18464927009239637	0.15610677945124443	
0.1110426269132638	0.235691123944549	0.06548032105646548	0.0612582812233338	0.11278830241310231	0.171232861793933	0.06465656529864071	0.14820569639997574	0.11783217325952974	0.13387922655614054	0.14221010551272065	0.049860218951081954	0.05632078857372093	0.12066478986535513	0.08315210290230678	0.0907602809692877	0.08294201895583786	0.07841759976755378	0.11356904316837241	0.13262548913434166	0.07093676813008867	0.030043511548219624	0.0	0.13354363618270715	0.14244351029996175	0.1356283262314263	0.07251013330964348	0.10426462151882118	0.10038503273288961	0.1495542261894229	0.10400135117331644	0.08234243771145616	0.2611920659424374	0.04602467450289898	0.08969701319779491	0.11540920421989881	0.2089616651261507	0.10955427878189022	0.09756751855224247	0.021729575615496884	0.08522299434186927	0.07994871898212147	0.015648030246505077	0.060877304786762204	0.04924537063744441	0.034803524025994834	0.10768703232134444	0.04976813577554568	0.09874450222574174	0.17179943839872128	0.08311135940803538	0.0742493811629632	0.05159117641531342	0.13421398054072442	0.15359165904322258	0.08674462672686906	0.19310770943297448	0.15520276688959644	0.14676129238762992	0.05541166559499407	0.1160749520398542	0.08826536095517513	0.20856007642036173	0.17995572095541149	0.10111115829324657	0.12036447842492298	0.027156079184792674	0.10945881362612522	0.23898499222941513	0.17569380284497293	0.09264517168016051	0.10495051317916905	0.04847800886448306	0.09476747053799495	0.08694919651622825	0.19820489068730607	0.05188619425487765	0.1477926821934947	0.1582580651940794	0.1264027631463884	
0.10828897244410828	0.3600234776510557	0.16873928493270757	0.07484365553832781	0.03936650609900146	0.30416859651051653	0.19438116811200126	0.2655665293443275	0.1593138056588175	0.26636845150049127	0.2649554035163038	0.1720935429980144	0.140284514047172	0.12667200935821543	0.2166957071874347	0.2229683586819563	0.1978181255693165	0.20586188951224987	0.17030487957268808	0.2660650777594787	0.20388907892160266	0.12134215775641172	0.13354363618270715	0.0	0.07716416583937122	0.16383397982103662	0.1939675766598542	0.030047402598544472	0.15489530117529374	0.2825802435999414	0.23747079867122914	0.2008137751850355	0.3914434548459223	0.11682193843624046	0.10111116010174986	0.060988233498605084	0.34121511877764393	0.2416547630007193	0.22875384885380953	0.1120018931681941	0.1467698390714655	0.16036535599711013	0.14636251183366483	0.11555408859560812	0.17852235743989148	0.15166164889055686	0.08319485110596031	0.1830405538640943	0.17138409294673662	0.2761472895851164	0.18525390794952512	0.05932342932940816	0.08994829520877749	0.13006274596195092	0.034917418468601504	0.06316679351562614	0.31882145580422366	0.05226219760630544	0.15742061291958714	0.17903983809226068	0.21513495635893046	0.21987157004818536	0.34192597128772784	0.3134804724595486	0.13444317572698983	0.2472849999044988	0.13716376976714828	0.16468403668454676	0.3720043253641896	0.288941480690598	0.19965441811654563	0.03229672602257814	0.08516245569423715	0.2218115590484853	0.18956903607887465	0.3176740508052558	0.1566246159884341	0.27925423789943915	0.28260619151052124	0.23521896089447034	
0.052562812659398536	0.37771728080146877	0.19896030315537971	0.10776103745349652	0.047104288028424326	0.3063210344313396	0.20664323753366162	0.29013547847993393	0.10442600300217403	0.25760101203871577	0.28465355392780467	0.19128644779783668	0.11719058880925287	0.06549762741859269	0.21730410794270333	0.2163488643294181	0.22304919212925076	0.19320859916841332	0.2210747486317714	0.26628133758481737	0.20118536150703228	0.11669075639539297	0.14244351029996175	0.07716416583937122	0.0	0.10146695810955768	0.21434638468235587	0.08362244560608316	0.20478438079366812	0.2849002328595526	0.23522617605941223	0.18021843024555323	0.399770793228918	0.10350320690242866	0.06236402782840234	0.029377637504688234	0.34514497699813845	0.2483422082251879	0.2193165725128865	0.1231611942024764	0.107442749133809	0.1260848847284524	0.158045920066795	0.09280396987724404	0.17224800479039395	0.1424063771923175	0.03727519298269218	0.18865302801058717	0.12911229001688326	0.310112407073904	0.15630969709096174	0.08780161210611356	0.09136406729787876	0.062412837390142986	0.054578756368717105	0.05868248491636174	0.33499257606319294	0.03660450366238003	0.08917338782925327	0.16696346705654352	0.25045560958576213	0.22837617123758738	0.34060692346531557	0.308878889429068	0.08497927159473381	0.26245038880892213	0.15929280555972078	0.11517236980075243	0.37233775912811445	0.3169654213059469	0.17079416817390464	0.06485107467274878	0.10298158586183978	0.23703966897842507	0.22167913469214331	0.3406024913100374	0.13798606971359806	0.28654490652334247	0.3005760332803819	0.2654964197383156	
