0.0	12537.289333779305	1581.4264876614034	5758.960190160875	7269.462793553319	14364.060496892	4133.615654278939	4827.769010491963	5940.002160487299	13908.422219587168	6422.789318091605	1459.3804835565295	3740.0426802251886	1821.1401444588207	8001.8190390755935	9783.999571129343	1481.8220151631506	9159.32902669811	7589.5565701972155	11936.642782722956	7553.343478040157	922.6834088252468	695.3956604284932	11512.059536273297	5339.4845832357205	5937.412687444047	2373.904192415488	9259.359054745426	7395.127004247526	12681.90467257305	10197.474833715904	9572.542908790008	18519.38158269661	1006.9410920979609	331.63295500416353	5283.810076683602	16585.415348846826	8580.686445934693	10743.082589743346	1345.9663581649338	4826.29927020513	6235.331556588712	1144.8012762670512	1211.6078378276995	5940.613168595489	3913.1757073739027	2679.855206353254	4576.84710072347	7565.478621644269	1921.9267169087577	8644.458730424876	6097.060344047444	2226.998595925642	1610.6759485330438	11033.89421658534	4500.5302586967555	10743.4500864565	9374.700268962028	4530.8993614853725	6652.918814256515	1522.9345138739202	6636.346765250446	18322.517649053643	16949.67107481001	3303.7149000564364	6762.48507523572	1347.501183873182	6744.155547900112	20142.05954446419	4625.086432247639	10129.668805501848	7994.698378126358	3717.1439507522705	5192.211675572014	1366.2529108638755	8026.68099185039	5113.545217930199	11082.965184379846	7986.114976930348	1699.092111869334	
12537.289333779305	0.0	13848.55241086982	18229.211635289754	19766.289654415214	1922.5969763405813	8416.260543718417	7766.760723685382	6673.412725461508	1598.8738530130724	6133.45480500365	11203.046540009327	8802.353485178119	10737.515789899979	4543.986468036274	2808.605259417031	11261.665731563517	3435.53300189571	19999.28970099196	801.5702104381402	4994.073423620586	11654.110704184384	11999.909078680468	23997.66578115904	17857.335877316036	6696.278541920812	10240.619264310337	21741.04247881812	19813.76031869507	536.8986747733209	2390.4086935742325	3066.951726148122	6010.056711158818	11546.679188015232	12841.889004129089	17791.658106152056	4098.890224818182	3960.02534915471	1914.3006065239078	13766.793361166343	7740.256057281397	6344.557364836248	11488.138986854283	11328.711382794716	6601.456801975966	8624.433850065783	15198.195725612588	7962.561147249004	5062.605160450584	11000.593689819212	3983.9426386665477	18577.620109126532	14705.815188737603	10957.410956159096	23530.01827479334	16998.081748510565	1793.973809361226	21878.40822601096	8086.296310127155	5899.770681301555	13606.157231106079	5901.089201130992	5846.650776728057	4497.1685963544805	9256.701973806295	5780.461972137607	13689.598031636451	5877.4441867210535	7654.064056783243	8006.030865782723	2586.6254871913256	20483.967985142463	16188.767329643497	7357.280830513251	13515.685365128647	4539.686581815598	7434.005765327323	1485.0426065843055	4559.1851199568755	11127.329353506722	
1581.4264876614034	13848.55241086982	0.0	4383.065352524619	5925.5993199230315	15708.483520013107	5445.962645918049	6082.361795803853	7360.136392598955	15267.359092966317	7715.747573063519	2654.174723076476	5134.092491437771	3303.202460817375	9349.911519695781	11142.476328677429	2587.284583902334	10526.043104754473	6160.126914120513	13284.476637525368	8907.287999845725	2267.691522448456	1891.661880960129	10149.4123770979	4050.0650950792424	7366.658241368612	3611.83320157342	7893.114372794786	5971.569262091681	14026.332700347313	11549.53038893093	10947.712983204025	19853.31753696358	2394.248246765625	1259.4896086613437	3970.7623158315573	17926.7924382112	9917.026870722806	12104.562401533132	360.27916268990356	6235.245440679389	7632.129315571352	2388.450051291267	2629.1959373172763	7301.749578989779	5282.885753691436	1493.3162761970536	5912.402816724833	8965.980436695056	2873.915653208457	10029.511655098328	4733.470054973262	956.7151105100822	3113.5521690884557	9683.751744399107	3175.120366401617	12057.78184847818	8036.829486477001	5980.057156641019	8022.008886257731	326.91833091740835	7967.179297111232	19671.012988851457	18302.609786233486	4738.411845957072	8074.03159370832	247.48549540148585	8154.727626759204	21488.01980526455	5848.66170747127	11512.198624041366	6638.754517164758	2356.1517705804254	6498.357472752236	343.40752528704434	9310.716001122357	6495.254377295363	12418.6543806569	9290.699210449127	2726.1450530743878	
5758.960190160875	18229.211635289754	4383.065352524619	0.0	1547.1914385980058	20082.905770997604	9818.47324039663	10464.445202643408	11692.226517930938	19637.02606112712	12095.770615208265	7027.11124704156	9476.591084901977	7578.844625091914	13719.711689771375	15510.26737297917	6967.992517306624	14890.249849031994	1857.9327967018446	17656.995529687967	13274.70011783526	6595.848172037581	6237.777777866344	5769.351861587733	620.6288789950329	11692.251607239685	7988.878810318861	3512.490085842337	1658.5347030117994	18400.164437145933	15919.791713409653	15308.662734773467	24231.29766005715	6711.519922965868	5436.37488249869	574.4276131003924	22302.623466981848	14290.7308348992	16471.865666571044	4469.858390806922	10572.668111470006	11978.910575892443	6747.153399861696	6938.967415708652	11664.32386849012	9636.967976077292	3086.2280743795195	10280.341151888932	13312.244399016596	7251.179101132298	14385.082589495993	354.60106283991	3539.541146696268	7369.634777074847	5301.062744514105	1267.321890836342	16437.400133384966	3654.756862016805	10288.40956011534	12382.596578013663	4639.950075293358	12340.292561924532	24045.24550624565	22675.183534628068	9055.486210634837	12451.495803081947	4540.2046823102655	12494.029859955182	25863.29895889734	10231.714359194422	15870.09531203587	2255.691166726646	2046.4663192051771	10874.62926964756	4719.648743318303	13692.726532888531	10847.596993099756	16794.099697775095	13670.371860230614	7108.999399505511	
7269.462793553319	19766.289654415214	5925.5993199230315	1547.1914385980058	0.0	21614.84877954612	11352.216748679242	12004.01103946379	13209.04084918591	21166.071416304225	13633.09013551529	8563.262843474675	10999.757715515783	9090.54176752071	15250.336544692529	17039.251000672863	8507.493977852626	16417.639354987492	807.2114016711778	19188.113861187598	14804.296898632061	8122.1898295363535	7768.833086151553	4242.615595981331	1939.455274824738	13206.872594338809	9525.871704106115	1992.2865632923958	695.8035891854206	19931.97068924148	17449.98985380733	16834.329472751135	25765.4736401173	8235.312452333903	6951.265072184007	1986.0939608021588	23835.29351817657	15823.324555292133	18000.30938384848	6000.597630087725	12092.670657585752	13500.66488509635	8279.658665594703	8460.369116494505	13192.557375492115	11163.704091208889	4589.61287795207	11811.762763611863	14832.722491679011	8796.234310402304	15908.736451417763	1193.7105394735506	5064.153693650217	8878.470907096045	3766.574714467016	2771.8775529640793	17973.689736628712	2112.181952850835	11799.912308082095	13909.53878562111	6185.944481788581	13873.167420802927	25576.60706829244	24205.575302556794	10572.086861647515	13986.895729240028	6077.176496783876	14012.549638414615	27395.25066940979	11773.210043117097	17394.10911824436	727.57605480845	3577.523647073382	12409.79913585026	6263.538370499139	15231.762846244435	12372.450771815844	18327.232368796806	15207.109970192585	8651.689116165042	
14364.060496892	1922.5969763405813	15708.483520013107	20082.905770997604	21614.84877954612	0.0	10264.576743575497	9635.405142018806	8450.162425709843	519.2688594321614	7997.238489378688	13056.823164640558	10624.019798663585	12552.748738799497	6364.822824025318	4580.511012045789	13121.656848541656	5207.132600204537	21866.148264325868	2427.4753555061093	6811.864273685081	13493.684057643846	13846.233060773155	25852.16528692547	19697.16967977841	8464.530344674722	12096.763592385329	23595.350616979293	21678.985477513957	1682.881587648531	4166.620164762894	4801.977815925246	4156.741910799606	13382.645565916924	14674.080810807134	19635.132284067444	2221.3551038188143	5792.204997862767	3624.489905037472	15614.631944931096	9544.109562463686	8136.83428349243	13336.00417079036	13160.726429748216	8424.674026472878	10454.003623434552	17035.48981950729	9803.14678616487	6821.308122759789	12875.48465129844	5734.223493005852	20429.43635043509	16550.87198877599	12770.688033961977	25380.96790183352	18843.751522648032	3666.5167252032643	23725.9372220471	9870.190204138336	7711.1659518999695	15473.30147202769	7742.64476333098	3962.5556425420987	2596.127577468226	11067.30733258663	7635.014781977359	15543.172472952323	7645.290160564101	5780.458771174549	9881.236263210001	4260.782449150957	22335.28235951755	18038.81246449961	9210.131821702775	15378.582936664905	6420.281704544518	9250.582061342886	3290.0052866126625	6423.951664996075	12994.772744103066	
4133.615654278939	8416.260543718417	5445.962645918049	9818.47324039663	11352.216748679242	10264.576743575497	0.0	739.5656110088586	2015.0682737924083	9821.482955946653	2289.779901497522	2792.578233172433	578.001648446151	2380.138319406835	3903.9561984602906	5696.664441508822	2862.501982970521	5081.745617553157	11605.909899411754	7839.321812999312	3462.027156322589	3239.1553354051175	3583.9472609944423	15587.813336903493	9441.082635804818	2046.0402579349961	1835.3778263723605	13330.959904179661	11417.531908008865	8581.954873170049	6103.629187292376	5505.31722248972	14413.360963974988	3134.5748749226623	4431.03303953158	9375.677089959932	12484.150435943988	4472.378242381908	6658.763588396787	5351.683464467442	964.4894193484239	2230.000724903039	3072.6044111613246	2922.0171934979453	1864.8389822909733	372.0469590063668	6782.59019108717	475.640231994694	3549.1310121206357	2663.377028832215	4593.584549058071	10165.427510992848	6289.903906858973	2601.718400479408	15117.55173466289	8582.573364910158	6622.744647349425	13464.007532073825	1008.1960532523456	2585.109713812988	5219.298309728841	2521.9659581962155	14227.04727724231	12857.66442067484	1030.673318288616	2635.8099008305417	5278.595729559608	2763.3721609350127	16044.881989510135	648.31968208686	6071.764184731731	12071.558700728065	7775.175292918596	1059.9174690656268	5118.959313411564	3893.7615078025283	1108.3495025953152	6975.637388108178	3858.3365091927044	2752.0729706355005	
4827.769010491963	7766.760723685382	6082.361795803853	10464.445202643408	12004.01103946379	9635.405142018806	739.5656110088586	0.0	1687.6734403154508	9203.75415110188	1638.5045698020817	3444.340315619104	1293.3085026649062	3105.452116653952	3305.834934172423	5093.554139210442	3496.6067344837593	4492.601105450566	12233.505191151253	7217.406082665813	2879.0190413124265	3919.952506541746	4249.983329547055	16231.774130792051	10104.301206942544	1745.645774396964	2481.711691102003	13975.424101788769	12047.472613776139	7955.623385546924	5491.818649773017	4921.822885973719	13773.797368352863	3822.5434859444867	5116.2048519540685	10034.75741324741	11850.505059153036	3854.8435621345484	6053.120915815275	6009.988617780655	999.9474865680073	1797.433630999761	3737.716561579626	3618.502461349112	1372.5455459237394	1078.658377163456	7452.945383066759	519.4811108065729	3039.9633952542363	3240.932262915763	4033.8293513698095	10813.733421542778	6950.798594746535	3326.0767813928232	15765.503584119473	9239.705593097393	5977.530397733104	14116.120618248322	1300.931156056705	2057.2705436009674	5839.968524580934	1924.9003191233357	13596.579013230097	12231.300111154062	1763.6728458991604	2006.7418241589937	5927.1038257700675	2317.8083453604995	15411.667033774083	275.882234871225	5491.603268223119	12719.843149450619	8427.168487356983	500.55544678330057	5748.9561747224325	3228.365997838393	889.9092992996933	6346.218552809038	3211.8469158520984	3360.9111161569654	
5940.002160487299	6673.412725461508	7360.136392598955	11692.226517930938	13209.04084918591	8450.162425709843	2015.0682737924083	1687.6734403154508	0.0	7983.65579296539	1155.886106977466	4719.8954246585845	2226.5119581251606	4119.700705016598	2150.6791270758995	3877.221336086265	4811.123577728372	3247.699718361282	13507.17974486788	6028.173034210742	1708.2965791405466	5102.557338425934	5470.933267606447	17451.636866949135	11279.185832337798	87.80689015288719	3794.660745628842	15197.94272872056	13315.39265679333	6773.682106566613	4295.47362603976	3648.2480797245144	12606.301257114757	4983.271722339689	6258.031231202232	11223.689909664357	10669.320404115238	2736.656363244261	4826.162490730094	7228.700820594084	1125.273367451502	358.85381864106273	4972.09110315852	4753.954422395703	519.1946683546217	2090.1173884578693	8619.662443814024	1547.9521253833618	1630.1957876193362	4659.40477404629	2716.151969087371	12033.32623393464	8152.782899477574	4334.194669564738	16973.889241403933	10438.64054636903	4895.6234620240375	15314.663578893207	1420.1384941347455	837.3711616758701	7156.878691402104	1030.6629920065468	12398.72443048674	11024.461426664895	2637.111612906026	1229.4401928724665	7174.556359570152	805.9974539668543	14218.210557719201	1956.158781759755	4197.295586163546	13933.73881141499	9646.24074784221	1199.3338991337432	7045.113439355092	2385.719096950437	906.896643922205	5195.708442496239	2272.054952176167	4726.905682521568	
13908.422219587168	1598.8738530130724	15267.359092966317	19637.02606112712	21166.071416304225	519.2688594321614	9821.482955946653	9203.75415110188	7983.65579296539	0.0	7565.3967125717445	12613.961408020481	10169.25554817238	12093.902077651308	5917.823194710903	4126.879318601955	12681.96977666936	4749.290604584623	21426.94711783944	1986.7587477925458	6362.327436092971	13043.882348350111	13399.270963409237	25405.501954976153	19244.879395413634	7995.6412329598215	11655.798751127884	23148.983814400523	21238.88447492324	1258.6655439399203	3717.8557289255496	4337.234089631988	4627.401114177277	12931.355538899026	14220.462407825127	19184.489288385306	2690.441908371358	5351.81290129402	3165.878895725877	15167.461487481049	9084.283844007541	7675.5227382551075	12890.080662204091	12707.92729891036	7973.516167420848	10002.51410106915	16582.964750106057	9357.068942971524	6353.537215523434	12444.665936832678	5268.130532080831	19982.530065546394	16101.997601850922	12310.982160474763	24932.611688647583	18394.351491297384	3260.7388848139462	23276.22807654888	9403.671502793964	7257.063482455671	15036.311206338032	7300.372673832861	4415.320524228573	3041.523121055358	10608.062919714472	7199.082338042195	15098.829381749096	7177.8851856423	6234.972387312367	9453.294553788342	3787.468318710436	21887.67889848535	17591.74700273062	8770.573336609197	14939.225720900899	6002.487460357066	8795.616055761115	2862.1541902444756	5996.558007384721	12559.328164174345	
6422.789318091605	6133.45480500365	7715.747573063519	12095.770615208265	13633.09013551529	7997.238489378688	2289.779901497522	1638.5045698020817	1155.886106977466	7565.3967125717445	0.0	5069.86430125205	2724.928355514511	4649.8235831384245	1683.5129561267663	3460.3512956626455	5128.563253109476	2868.4265394907684	13870.166298902286	5578.956362509243	1280.5534132590587	5528.195324285746	5869.0262804045	17864.390041963023	11726.993024996087	1239.8660443511508	4107.243953365336	15607.700765353016	13683.664399801228	6317.16710687969	3855.3388165096876	3299.438899783436	12137.842243865465	5424.328607437858	6720.789303971377	11659.88188395293	10213.105311459487	2218.8194761375667	4417.857155824287	7634.508746602292	1776.7597217047407	884.7509238250559	5356.830480891987	5211.31822453089	702.8367341646747	2530.232254890541	9070.402687579906	1852.835392379446	1556.4419401859045	4879.401863670958	2438.7758773806945	12444.181115554074	8574.238919024492	4871.660192502143	17396.56605166653	10865.75825678938	4342.035553472315	15745.251531196247	2188.52793838001	694.9071772199006	7476.72579395779	385.3721686129078	11958.7862501266	10593.017019358214	3199.955243578133	380.25984498976084	7556.190290658133	1110.1329590756095	13774.388619655048	1889.783908811508	3869.280368160353	14350.524857972605	10055.583273583126	1230.597009935343	7383.860186995782	1603.996739776603	1434.813494487294	4707.8057803416905	1574.9780340388602	4997.827543307574	
1459.3804835565295	11203.046540009327	2654.174723076476	7027.11124704156	8563.262843474675	13056.823164640558	2792.578233172433	3444.340315619104	4719.8954246585845	12613.961408020481	5069.86430125205	0.0	2495.1502593029404	934.237350868811	6696.236044105217	8488.558915514468	163.358012947823	7871.868533858569	8814.264539634592	10631.865236391088	6253.218637114112	551.6677991817016	813.0181968082927	12796.376906986627	6659.986027431177	4730.730155333584	963.0064125258324	10539.520766565349	8625.46348880848	11374.319587025817	8896.110212004893	8293.655713187069	17204.20350644573	524.8547088260669	1706.1401723443528	6591.011504773136	15276.001554817043	7264.733495883963	9450.621188048794	2565.7706572746065	3594.9825264253623	4983.198150528573	314.5792490407747	497.25380690258197	4647.856835380426	2634.076732630158	4010.4788640900556	3258.230835474192	6316.049610377859	574.4802667744442	7376.3412330781675	7374.857229101682	3506.4740057345516	883.7507339203534	12327.301436153091	5796.37005610857	9410.660108444376	10675.408625967471	3367.45761861461	5368.295355130852	2437.792284873854	5314.434300659884	17019.354514847902	15650.194873657752	2134.692673989294	5424.393261192039	2486.91459742463	5508.7485633249435	18836.952137783268	3222.432336969864	8858.424610950953	9281.195547461153	4985.741353648766	3847.5344794826406	2330.463497988512	6669.652151662969	3845.140740394825	9767.473420047738	6643.887199362294	347.7407843479786	
3740.0426802251886	8802.353485178119	5134.092491437771	9476.591084901977	10999.757715515783	10624.019798663585	578.001648446151	1293.3085026649062	2226.5119581251606	10169.25554817238	2724.928355514511	2495.1502593029404	0.0	1935.867640838155	4262.67749553555	6044.077108377384	2591.428201315833	5419.9665102155295	11285.053523339982	8196.600521311539	3813.758518153673	2881.386870332885	3246.3814312209843	15241.304222800365	9075.812460263258	2235.7245286815128	1590.8077707730417	12985.884982881573	11093.964477695989	8941.882432497403	6457.4329386158815	5834.888875022528	14779.417123224306	2765.1635709445036	4051.2316726459944	9016.472310221674	12845.374279697198	4843.22591057171	7003.580414389263	5008.591839746649	1101.2922924685115	2502.478020034621	2745.7750063463996	2539.4440851508125	2201.6577685577786	214.66289324074754	6413.952225016277	882.8597594261053	3836.3066967074387	2480.850091849757	4909.076346498289	9819.691194688723	5937.658935547483	2156.5420760252678	14766.150477069392	8227.94883697847	7009.389202319522	13108.539285036057	904.770153305233	2912.91117816409	4930.8993863796995	2906.2996348270076	14582.812846046176	13210.230918456204	481.4017804651443	3043.7802087751643	4950.582126199029	3021.3300732677626	16402.284634659805	1226.3086990876536	6394.400609249343	11722.87797669076	7430.126639112556	1512.8463770848243	4818.6071122992325	4318.0538009554775	1373.675658846126	7343.866853892124	4263.650792215688	2522.424522899053	
1821.1401444588207	10737.515789899979	3303.202460817375	7578.844625091914	9090.54176752071	12552.748738799497	2380.138319406835	3105.452116653952	4119.700705016598	12093.902077651308	4649.8235831384245	934.237350868811	1935.867640838155	0.0	6195.97669920253	7972.26029504199	1094.8766358600471	7346.077008449443	9404.665592752664	10125.89669839733	5746.464303371713	1051.5235402856292	1434.126663963906	13333.112205477162	7159.543635041961	4116.417198528447	947.7814541956262	11080.493543865345	9211.087903659605	10871.55384088596	8387.083531010265	7756.92824042346	16709.10978563029	918.2356147559169	2142.588551325551	7104.778589417935	14773.930333950995	6777.830996641985	8929.726111610653	3132.676178049961	3009.6325384499314	4418.630733235453	1019.6579188319465	683.8147443586673	4136.10117603831	2121.110020996881	4500.932763489019	2797.0055313885714	5746.634634397417	1354.1776925580132	6827.526356686772	7917.777466390265	4042.376710976406	221.94094174161705	12854.608190292869	6321.558000527964	8944.884559418506	11195.158954707043	2709.876799765984	4843.1106343635365	3146.7373544822512	4841.97110047135	16508.854972644654	15135.41523599583	1485.8428828095946	4976.967199607732	3097.202921034599	4924.4471747326525	18328.529891598577	2937.155097999319	8312.246543645835	9815.836816828467	5535.080415611647	3423.4540047401483	3014.898074723659	6249.103063525173	3304.615669339904	9276.539183343859	6198.417785870286	1204.0452050753981	
8001.8190390755935	4543.986468036274	9349.911519695781	13719.711689771375	15250.336544692529	6364.822824025318	3903.9561984602906	3305.834934172423	2150.6791270758995	5917.823194710903	1683.5129561267663	6696.236044105217	4262.67749553555	6195.97669920253	0.0	1793.0922115347391	6765.554699597613	1186.9553921721913	15509.849415091576	3937.787340382591	450.0936947519715	7128.864552261071	7482.2105806297195	19488.600928191176	13332.50218547058	2184.2109030118463	5738.862068017426	17231.92080759652	15321.478738319587	4681.987220209415	2200.118771412656	1617.0722252428614	10518.301751871079	7017.974845361328	8310.228930570871	13270.31103542079	8585.787823483153	587.1960022436981	2755.103333862391	9250.579817238773	3196.4057831621703	1809.1116782014947	6972.576011802363	6796.64587139282	2061.2266912611008	4089.769755416964	10670.96675147905	3439.4020014525613	699.503469795941	6539.830599415647	782.2526658484961	14065.651405151417	10186.23906840689	6415.3299693313065	19016.64043103065	12479.050738207501	2755.384513857142	17361.23643515083	3548.7516703403976	1355.9199923827612	9121.317150129622	1385.6382500186544	10326.27065214871	8955.544919359863	4713.432725712523	1304.9069117019865	9181.053551955521	1388.643452410355	12145.01397437091	3565.4514671671	2187.086312276925	15971.203206362108	11674.888714453275	2856.8231505223175	9022.583156197074	632.7045300082287	2891.398233977041	3081.2203638634555	437.99451271731414	6647.045456954161	
9783.999571129343	2808.605259417031	11142.476328677429	15510.26737297917	17039.251000672863	4580.511012045789	5696.664441508822	5093.554139210442	3877.221336086265	4126.879318601955	3460.3512956626455	8488.558915514468	6044.077108377384	7972.26029504199	1793.0922115347391	0.0	8558.561050826205	629.6738627212318	17302.535846255323	2153.858391661398	2235.6761914809836	8917.07865472361	9272.490513280945	21278.635604128816	15118.84640368232	3896.064947226203	7531.774853547783	19022.143222892373	17113.9905819339	2899.668812275864	419.04525525567107	297.3334717471234	8736.895172496483	8804.828741649522	10094.859367419114	15057.953635040816	6801.774656591554	1243.479700154076	962.0991997812255	11040.623656219945	4964.001486403854	3557.9886492225282	8763.512501053754	8581.892410600783	3846.7129162008614	5875.902375030593	12456.95903564224	5230.847551488274	2256.5589900434225	8331.12343547905	1175.3573451277673	15855.670649785246	11975.147644465427	8190.297789592081	20805.773786573176	14267.57748798988	1097.491304934211	19149.550113473033	5295.520910638629	3131.20357099588	10914.408335326887	3178.296852148853	8538.857938350917	7166.725632373597	6486.911613840659	3087.13548133373	10972.558335509333	3075.930399662725	10358.25231260521	5349.472376447546	482.66554265661074	17760.800148419203	13464.892683439793	4649.594099594802	10815.503220835952	1972.8795874250427	4670.463615746611	1323.9706230550375	1922.617386385807	8439.892868518556	
1481.8220151631506	11261.665731563517	2587.284583902334	6967.992517306624	8507.493977852626	13121.656848541656	2862.501982970521	3496.6067344837593	4811.123577728372	12681.96977666936	5128.563253109476	163.358012947823	2591.428201315833	1094.8766358600471	6765.554699597613	8558.561050826205	0.0	7944.247600067983	8745.08324089895	10698.2926396869	6324.452913457279	615.3300463712612	804.4125650526059	12736.004397892344	6612.296526036597	4824.413225179423	1027.20380318225	10479.427670781954	8557.452273474086	11439.717045610998	8964.400245169005	8367.594966683624	17266.03350417728	621.7053378322811	1704.4953771260869	6540.492369474991	15339.66716655724	7330.8061015788335	9520.632072406992	2519.7623020733176	3687.72435654304	5067.457978121342	366.16216574784033	639.1810810103196	4723.856018065002	2721.7057667818876	3971.8894805671453	3332.274138252202	6398.443461504061	467.6292190981406	7453.5020478671	7317.136123295429	3460.5262124724563	1046.995885704441	12269.047512385572	5744.923239503732	9470.590477042373	10619.564913709753	3473.355033705427	5444.645554482328	2357.029384699463	5381.627008821178	17084.127856872045	15716.136500357174	2248.362136754551	5486.899956282532	2431.1967734699815	5595.291144167832	18900.932255764837	3267.3221884960008	8933.585981130562	9223.285399947974	4931.064360038103	3911.78604780652	2257.2629856817525	6724.759368470622	3929.1535716666313	9831.725682497648	6703.481352484561	231.33328365709045	
9159.32902669811	3435.53300189571	10526.043104754473	14890.249849031994	16417.639354987492	5207.132600204537	5081.745617553157	4492.601105450566	3247.699718361282	4749.290604584623	2868.4265394907684	7871.868533858569	5419.9665102155295	7346.077008449443	1186.9553921721913	629.6738627212318	7944.247600067983	0.0	16686.099332952817	2781.7757384382344	1620.2443791572132	8295.612582812515	8652.720910055048	20657.870328942212	14495.629412647617	3266.3924979375506	6917.102614855148	18401.6306713241	16497.050079196426	3527.5904388382905	1048.4684313207456	431.3865173545967	9363.840301389624	8182.4990024298695	9471.173028052943	14435.521025549524	7428.04901975805	690.8922249028063	1583.7812231826156	10420.394914632838	4337.032515623511	2929.8934715400237	8144.5589606073745	7958.728328880841	3225.9872569568925	5253.965610657561	11833.719863156428	4613.644330551393	1627.562789259808	7724.571858809012	553.8641960140344	15235.07961020844	11353.833226583423	7563.762558482787	20184.214006504306	13645.805133931586	1693.4297547714036	18527.409594414094	4666.311885058618	2508.103924793467	10300.94876774197	2570.3565897472813	9163.254322478604	7790.355835964643	5860.433004257136	2490.999436099584	10354.071175525318	2446.2666726856155	10982.85643500397	4752.388799039415	1000.8741200494665	17139.73417440775	12844.422251639	4040.167133107837	10200.389381993176	1471.4313620806386	4046.326548159736	1952.0920524570652	1382.120597030822	7829.132324096419	
7589.5565701972155	19999.28970099196	6160.126914120513	1857.9327967018446	807.2114016711778	21866.148264325868	11605.909899411754	12233.505191151253	13507.17974486788	21426.94711783944	13870.166298902286	8814.264539634592	11285.053523339982	9404.665592752664	15509.849415091576	17302.535846255323	8745.08324089895	16686.099332952817	0.0	19443.352767014803	15067.4125426544	8404.739293755623	8039.131759107889	4034.833543189185	2398.4274454320134	13509.936123330022	9771.166068106597	1825.1138032362715	200.3150403416206	20184.531019689715	17709.228973909685	17107.424767011882	26007.291428429762	8524.118968572955	7263.481704525412	2402.3744531937896	24083.198358865986	16075.879261920001	18264.62987256491	6278.735535092928	12384.438477785845	13786.697949897341	8543.965305084714	8754.472620182782	13461.337967201582	11439.284550220596	4930.928103835169	12072.488037330797	15120.826438106735	9000.120432751193	16187.930904855502	1558.6905835292287	5362.993396948149	9198.60448953481	3598.673688541127	3122.017545893401	18211.03298641544	2054.0795691826497	12110.953236759484	14181.324902930714	6393.553720419965	14126.577526696097	25828.399847544384	24461.013017041332	10873.592171529943	14231.136286622988	6335.0242415785515	14306.035032744261	27644.50947941509	11993.426790705615	17671.392268772463	824.0739836332484	3873.623424707091	12656.830750154335	6487.840923496017	15459.629181899496	12651.60464649025	18576.14305201926	15444.881562936742	8872.617574410038	
11936.642782722956	801.5702104381402	13284.476637525368	17656.995529687967	19188.113861187598	2427.4753555061093	7839.321812999312	7217.406082665813	6028.173034210742	1986.7587477925458	5578.956362509243	10631.865236391088	8196.600521311539	10125.89669839733	3937.787340382591	2153.858391661398	10698.2926396869	2781.7757384382344	19443.352767014803	0.0	4384.482015964452	11066.574225002827	11419.801379591436	23426.082018866862	17269.81215108798	6044.691348366118	9672.653655474718	21169.335307968733	19255.685259580758	745.8388732354001	1739.1684824128533	2383.3658714791663	6583.2257776367915	10955.317504898965	12246.610321335756	17207.99189076096	4648.803690545435	3367.4949723331342	1204.2211264385132	13188.200402346292	7117.857636549959	5711.560590307082	10909.87388906762	10733.274870665477	5997.236204117394	8026.594339248609	14608.089734457659	7376.751319412545	4401.903505370839	10458.337588895065	3314.7394946840946	18003.197063735188	14124.025869194877	10344.052021598869	22954.383949409857	16416.834147616784	1298.71441788465	21299.01741268651	7447.552262386683	5283.803667118791	13051.669187175929	5317.448608099044	6388.500538901987	5018.346709357789	8640.674786230013	5213.493228522285	13117.705961420417	5224.660910126776	8207.251202967293	7466.572381492878	1861.1243983115694	19908.866907150634	15612.47578093138	6786.522071681516	12955.512714790268	4017.890269192363	6823.226978302929	878.1533679056755	4009.8402481299063	10574.066008019876	
7553.343478040157	4994.073423620586	8907.287999845725	13274.70011783526	14804.296898632061	6811.864273685081	3462.027156322589	2879.0190413124265	1708.2965791405466	6362.327436092971	1280.5534132590587	6253.218637114112	3813.758518153673	5746.464303371713	450.0936947519715	2235.6761914809836	6324.452913457279	1620.2443791572132	15067.4125426544	4384.482015964452	0.0	6682.339103995234	7036.944886902652	19043.240325007504	12885.330591233927	1745.6536023035337	5297.393980365348	16786.679683262115	14878.67825046491	5129.21080193821	2645.7676990132163	2046.2719998794441	10966.219904120508	6570.841283809185	7862.388238911823	12823.647073916429	9033.059407577664	1036.2052185501902	3197.579682202763	8805.165783003938	2746.3225221208536	1362.581094832356	6527.848436680162	6348.926875761075	1612.9067132746973	3642.14243073949	10223.625947383645	2995.2451331488005	494.27960487843757	6105.356342521955	1159.9776571362531	13620.258681081048	9740.143304126375	5965.696032253801	18570.73952644941	12032.786823712031	3205.2614957703686	16914.910974617153	3100.09435349663	905.8626546143979	8680.971637329778	954.1221733841228	10772.604721979787	9401.278874899393	4263.5725421432	901.0982447386058	8736.890264711245	971.1733384139757	12591.617730094415	3142.6739504137063	2615.040209760103	15525.553074901045	11229.47017815476	2420.595196382107	8580.950646301568	806.025830167779	2441.8499916660835	3530.232268298465	634.0211348772825	6208.907922212977	
922.6834088252468	11654.110704184384	2267.691522448456	6595.848172037581	8122.1898295363535	13493.684057643846	3239.1553354051175	3919.952506541746	5102.557338425934	13043.882348350111	5528.195324285746	551.6677991817016	2881.386870332885	1051.5235402856292	7128.864552261071	8917.07865472361	615.3300463712612	8295.612582812515	8404.739293755623	11066.574225002827	6682.339103995234	0.0	382.81879539223763	12362.333819479649	6204.387881873107	5106.251367468524	1453.2765022024555	10106.293514358867	8213.220585579562	11810.832596811952	9328.103056956408	8713.127370125289	17646.181435717837	135.26695592239804	1196.4611616310474	6141.448805395635	15714.555958859202	7703.647430226817	9878.12776985639	2127.208875238442	3979.7870347540074	5383.84826512934	249.29274490509223	367.75192950659084	5070.372554124766	3041.6654818034235	3544.1075453162416	3692.3863012834254	6717.6787937308045	1082.4633399419633	7789.2434062067805	6939.782137590771	3058.2207076075892	888.8004267331443	11888.740738042567	5350.506249761924	9860.259615933668	10232.577737380187	3713.809983732178	5787.5715612740005	2097.6357427449484	5754.742101428883	17454.917876928237	16083.553006437092	2472.734332045197	5874.267964084643	2073.3517215754405	5901.49840681524	19273.824124536182	3710.9841101822744	9274.253075866962	8844.128159658883	4549.499436539029	4299.058793656418	1969.2417063940236	7131.799709679733	4251.753404894567	10207.633905158755	7097.304409629863	846.5095829283525	
695.3956604284932	11999.909078680468	1891.661880960129	6237.777777866344	7768.833086151553	13846.233060773155	3583.9472609944423	4249.983329547055	5470.933267606447	13399.270963409237	5869.0262804045	813.0181968082927	3246.3814312209843	1434.126663963906	7482.2105806297195	9272.490513280945	804.4125650526059	8652.720910055048	8039.131759107889	11419.801379591436	7036.944886902652	382.81879539223763	0.0	12006.401096506206	5857.9926930411975	5476.30453976797	1769.3859455804145	9749.766186839037	7848.462139553067	12163.378552435845	9682.20299808628	9071.882009552315	17996.711239025073	516.1066734353367	900.1706820078018	5791.780753308883	16066.518912654537	8054.502192457329	10234.099525692238	1768.4051596159766	4346.747543508467	5747.569186937638	512.4144113951535	750.5030940705462	5426.734421429802	3400.894398742623	3203.056210267199	4043.0958779073603	7081.700684643523	1229.4401449236766	8150.049046072259	6583.441116675414	2705.9658560330245	1266.5127850057502	11534.746059605091	4998.661632121348	10206.575903856075	9880.376673057812	4088.454311292758	6145.4868655935015	1715.2693593121267	6104.344367096267	17808.26357547107	16437.75475372101	2846.7779548604417	6219.515279022519	1704.2433067883983	6267.7049250110595	19626.686380631527	4032.1654877349465	9634.39028470232	8489.07864159027	4192.682954964101	4642.638938613341	1588.4165057266498	7471.067268260254	4612.864271562041	10558.399934314622	7441.195006385419	1011.6807957268508	
11512.059536273297	23997.66578115904	10149.4123770979	5769.351861587733	4242.615595981331	25852.16528692547	15587.813336903493	16231.774130792051	17451.636866949135	25405.501954976153	17864.390041963023	12796.376906986627	15241.304222800365	13333.112205477162	19488.600928191176	21278.635604128816	12736.004397892344	20657.870328942212	4034.833543189185	23426.082018866862	19043.240325007504	12362.333819479649	12006.401096506206	0.0	6176.86391800796	17449.472218114428	13757.907317987005	2256.8655598800283	4208.6736674092745	24169.39112769087	21688.60309503852	21075.32768590608	30000.578573195045	12476.398957996746	11193.764447990172	6228.39038408347	28071.962236411466	20060.024580658115	22240.030546578135	10238.084598297106	16334.948306148388	17742.68845641924	12516.223556546052	12702.123710024362	17432.232136237937	15403.990005909309	8832.204397217956	16049.338336936422	19075.019702028705	13009.862136528622	20150.380472433233	5422.98232684038	9304.180872733146	13120.848635998069	499.46346278741476	7013.606942589545	22206.26164568084	2146.7895358989585	16042.351093825488	18149.887965711016	10397.951448547368	18109.59498086328	29814.437028770855	28444.14423335797	14814.649191732427	18220.70805106545	10309.506797249443	18255.057240386683	31632.586769611225	15996.939409012466	21635.691618127315	3518.4281704833934	7813.771078649646	16643.911241939346	10483.668097773496	19460.124222086793	16613.56013894413	22563.44617956438	19439.158907694255	12873.499991216439	
5339.4845832357205	17857.335877316036	4050.0650950792424	620.6288789950329	1939.455274824738	19697.16967977841	9441.082635804818	10104.301206942544	11279.185832337798	19244.879395413634	11726.993024996087	6659.986027431177	9075.812460263258	7159.543635041961	13332.50218547058	15118.84640368232	6612.296526036597	14495.629412647617	2398.4274454320134	17269.81215108798	12885.330591233927	6204.387881873107	5857.9926930411975	6176.86391800796	0.0	11275.681563249325	7622.839452272822	3931.3166191899754	2198.4334200302587	18014.422530425178	15530.935015270805	14910.4622976621	23850.406020530096	6314.535587649191	5024.662651789591	139.02147849981242	21918.26864369815	13907.991288130701	16079.052381333508	4094.355506757563	10165.482002034465	11574.304140446986	6370.164132088587	6536.985009935802	11272.646957178671	9243.250953449635	2661.915465997355	9896.727241402232	12904.939872770692	6922.454329260596	13983.249119600187	842.1236403565332	3153.5127751951795	6946.0983924474185	5695.826728992529	878.3579277358982	16063.725254555102	4035.8367474621655	9867.478524092341	11987.881342815519	4329.683183608231	11959.065629843046	23657.60333194958	22285.527473839575	8643.199417476251	12076.892142920835	4183.092670149835	12083.58612258865	25476.818390590382	9879.262705770916	15468.58815277289	2667.0312449399385	1697.6688720471464	10500.3294320871	4392.38447120269	13328.630933651177	10449.342617765371	16411.930889967574	13299.023123018063	6766.615157419005	
5937.412687444047	6696.278541920812	7366.658241368612	11692.251607239685	13206.872594338809	8464.530344674722	2046.0402579349961	1745.645774396964	87.80689015288719	7995.6412329598215	1239.8660443511508	4730.730155333584	2235.7245286815128	4116.417198528447	2184.2109030118463	3896.064947226203	4824.413225179423	3266.3924979375506	13509.936123330022	6044.691348366118	1745.6536023035337	5106.251367468524	5476.30453976797	17449.472218114428	11275.681563249325	0.0	3811.1532356053995	15196.455573305924	13317.774732578591	6789.833609767284	4314.765307064315	3662.8139643920485	12619.928544419448	4985.874264848603	6256.762552345367	11221.181614339273	10682.69466052544	2768.6009818320463	4841.6687151561055	7231.200668593344	1136.7419194240322	418.3594976570277	4979.498451132035	4755.617318135336	606.764756360977	2106.096196947323	8617.267836194838	1583.4937800345108	1643.2635277076179	4680.746226553154	2730.561773219488	12032.624534639624	8153.187425442333	4329.680936846615	16970.98786754758	10437.226248304867	4922.217583849669	15311.428768058433	1410.0646152922666	891.5957278388307	7166.498155789444	1102.2075572732174	12410.128914073528	11035.703711761926	2636.972177682416	1301.8333506252152	7179.117953346971	820.2056613751672	14229.398999199659	2011.6500128832486	4208.332089395681	13931.973748952532	9646.702416172377	1262.5724204597454	7053.3187746117355	2438.6974500014758	941.0151710746266	5216.602391765967	2320.1594916608205	4744.109608534265	
2373.904192415488	10240.619264310337	3611.83320157342	7988.878810318861	9525.871704106115	12096.763592385329	1835.3778263723605	2481.711691102003	3794.660745628842	11655.798751127884	4107.243953365336	963.0064125258324	1590.8077707730417	947.7814541956262	5738.862068017426	7531.774853547783	1027.20380318225	6917.102614855148	9771.166068106597	9672.653655474718	5297.393980365348	1453.2765022024555	1769.3859455804145	13757.907317987005	7622.839452272822	3811.1532356053995	0.0	11501.101253510798	9583.140361990196	10414.531181901439	7938.063523508226	7340.391182761604	16242.83690192659	1369.8623181367052	2646.9004210191374	7554.017612512352	14315.39492605671	6305.1944069745605	8493.865703089992	3528.7356603550493	2675.184152763661	4044.1256773933023	1257.8593847271147	1194.797418324588	3696.9421521656263	1705.0820274678754	4971.650516794728	2305.218898461961	5373.550483261521	899.3648924310276	6426.623993084967	8337.022133210003	4469.3364617130255	1107.796913408077	13289.452781127275	6759.357810019446	8448.533662703836	11638.043243375185	2489.357491548279	4417.731343889586	3384.2040982090416	4355.462203516812	16059.313311756605	14690.778569401984	1312.4302443277556	4462.951478420528	3448.980769439101	4573.465015039099	17876.529632289195	2263.079098979944	7906.419323316539	10243.374639736827	5948.391658256154	2886.6671953151445	3283.729541036611	5706.6628658337495	2906.3786324880593	8807.045588276378	5681.567984011007	933.3065167466491	
