0.0	1281849.7828518734	558582.5693128562	386328.1383202349	380323.022733102	1029176.8150606562	565350.268540312	892044.6061147582	308271.0451372127	871712.957425572	873169.6015622243	507970.5520778984	262297.51896523085	97799.6814661271	639510.9634362721	667215.6745998706	629087.4725830718	588756.7995906571	743253.2286590363	859628.9733514754	580961.6347433551	241026.8762903262	334663.01758495293	599490.4566004369	284209.57915979024	312040.80500223325	592302.4202456253	498624.55822025327	687560.9389748102	932274.1577485679	731943.8156551325	566377.9425892468	1415121.0451618775	193889.85588462697	61605.34121346523	274634.0040142925	1193448.7955499883	752104.0227527145	695704.9078576777	292374.61216427025	267009.0270820086	349411.3445371539	387251.7290238246	155513.51456581982	464757.0445610296	341707.696071665	140226.90217867817	503351.8052604782	401630.475760095	982406.7516363387	486702.4272113914	364528.8126439023	219572.70952308425	103204.25896222406	573031.4504192953	253167.64315824787	1096864.0762306796	490355.27905250236	250348.75534681944	461788.96704740427	752888.1398177501	661255.5058405752	1205136.7529376694	1082325.948126319	174646.27035164693	788095.2740428707	414023.3383723979	351779.7283929725	1337792.4143889886	1004289.9603271822	562839.5669329558	425145.98754769843	301048.0753938995	683239.9194865882	640218.5494581598	1108056.4805269805	348561.51032354985	916308.5362281288	943476.9001751005	797001.6831829086	
1281849.7828518734	0.0	849069.5941065417	1215000.936629687	1414670.411180061	391069.3865048396	718941.0894735102	435204.9857790943	1173233.1923092823	609529.5268636509	418864.73701926507	809768.9949143191	1042953.1588441979	1268721.4347866804	671279.598505659	697274.5415310487	715146.8431606216	789466.1614296393	1007082.3571395129	512633.5694099466	734141.9805003483	1049242.288931647	973336.2203374311	1526148.9326729202	1459632.11544405	1223293.2660636131	720110.0374685228	1402364.870141659	1035804.3859756453	443311.1022137199	620288.888187034	858807.3275355052	251541.99583259912	1090985.370098753	1234702.4722721726	1391431.2486297234	303551.72456163354	546582.2284422833	702931.0146819977	1060290.5976400888	1103118.925021399	1042261.507470786	917520.2972022328	1126363.2631128007	839988.7346502533	947787.5738971657	1325593.4485425039	778866.876745612	1068931.9112529922	493855.4125544268	952386.2844938219	1275320.7053328995	1166901.278144991	1306165.464506211	1585352.7870302852	1301133.6390220984	186085.58471622167	1563425.6423043956	1280026.5244363146	866630.2676372313	708465.0915543961	623784.8202060052	405570.6622235138	481501.5291829758	1186472.0405110468	494141.7165504886	955851.9572366462	1128517.3729375205	385236.5405432043	375652.6859437427	922865.4165741953	1398396.2441515918	1168815.120072352	601441.0733642649	778465.6573882656	215603.40834399327	970570.1901864499	404295.54617436783	340813.19754211436	593736.6756881636	
558582.5693128562	849069.5941065417	0.0	367562.73270140693	571496.2416075658	750979.8539883759	257568.0478722734	414517.74388334795	653060.8096567173	717452.9413071795	440435.7871196451	134911.15104628488	449076.4640291955	599996.569307076	443938.6179073223	536575.2671628451	140354.00170498938	535798.7089374048	300609.78768189094	623383.3370411401	436715.0215406735	335093.8685611695	238176.0120624881	679843.2917719114	641785.7663002836	697192.3831419429	171319.7561446773	553850.0902873932	281091.41983600333	664912.2052541608	543543.6783822364	586520.1904352774	1046762.9514722843	384142.53428619355	497772.9662272124	566702.4218524836	881213.9066453872	467542.12385884876	584112.174671911	269316.3743465297	548022.6209106998	555212.0688826924	204730.53402040602	430053.72109233384	400856.8411285475	374409.99048265134	538955.9435787614	299077.6636799845	631717.3605620969	444267.6277914691	596738.0788253644	429953.6570331131	368204.48204075353	632152.4592067741	736288.853028695	476810.4944220387	685379.9530296797	717222.6044653495	700318.5720094944	451483.1426202649	196718.9248145529	373759.6551133579	937821.3798250454	858832.0868454864	567666.2226305685	407116.4760998025	145070.86034111015	646000.0648651179	1042314.1954276252	501545.7207404601	645586.7629733321	550542.9257533799	338534.64600096084	313287.946015979	85120.19265993354	641800.8827189824	449091.40376444696	602529.8857436345	523995.0012267628	270296.0273478611	
386328.1383202349	1215000.936629687	367562.73270140693	0.0	206663.28070592062	1075807.266194025	548631.1451580249	781566.7645121926	640455.0002811556	989795.9278309931	801058.0704293547	422820.9890760276	479008.4140260611	474574.7547393647	710215.281643439	781957.8160250407	500196.2625534247	739933.5986069803	401252.7121703023	925727.3049966146	674451.6034998827	328283.20930364216	317693.2086260701	333345.569947481	310570.95271023747	663876.3923107368	505520.425707701	201483.60878549918	340269.2331997444	982092.2774425473	818184.7205357671	757688.1797980457	1403844.5271445825	341481.86773532024	335815.66303905885	233112.22261730794	1221097.678866195	778766.3231282992	825219.0100646234	223528.05703119255	554029.7715128063	610679.9415132237	355714.8928506523	364821.06406676624	582634.6605585039	477865.16680815595	280924.57545702177	538066.6047763607	687148.4751485918	799403.8289936769	718076.6326740276	65281.318876803874	188217.89888864208	488886.2266346527	373808.94839551754	163206.6913311866	1046684.0467773548	349688.06317303295	622692.8530024664	614224.532990646	543144.852618006	675953.9110159214	1264405.3599285018	1167007.295043209	507001.51593111607	751513.4763719583	271454.3580108774	664202.4422863447	1380231.0802990233	867912.7255224396	789522.033264177	183396.4283758302	103385.55887133977	645546.6989120018	445711.3519244211	1009241.2584154131	539712.0165489038	933986.7981695164	883902.6008013991	635750.7237008142	
380323.022733102	1414670.411180061	571496.2416075658	206663.28070592062	0.0	1251519.1550954098	727353.3300560332	983465.4938880786	683083.597451858	1142863.1802821665	997886.7054911971	611091.256216924	571332.1906783471	478032.3035266888	871371.0232450283	931345.6234301274	699836.9171252681	875006.3832969227	583952.5719261711	1093752.9222133863	827102.7760909209	446492.217789253	474755.6230682743	219190.2633493552	154813.04440091006	691681.0447313329	698106.117625898	137737.09005406013	523227.54422637343	1155612.5963381303	977817.1676970676	877591.9060855007	1595556.8546714862	436745.75932573597	357093.8862622366	109904.5829200832	1403137.4049454737	954332.6040229498	970758.7024015904	375573.5387715886	619971.9773688066	692834.901067254	523589.65823223506	438990.85653437773	722456.213292609	602690.3125771548	240320.14117425613	702109.0118035788	759804.368815013	1006058.103070796	819074.8983184308	142072.6357273335	286686.6842452588	476431.39777059166	206146.64162893815	147701.1233451658	1242696.853848835	151447.41436006717	629662.6348496143	743282.2095169374	749806.6872881775	851677.9534576996	1438860.1361494067	1333234.1003824465	544707.0674940435	941063.571170769	460552.10572765	720420.7313629925	1560012.1336199513	1072895.3540392683	894958.9143016717	60126.61685775415	250409.4244863431	832751.5009789515	651360.436603204	1211617.651590457	648558.421710961	1114895.798727177	1079776.016473621	841024.0838988337	
1029176.8150606562	391069.3865048396	750979.8539883759	1075807.266194025	1251519.1550954098	0.0	527244.1823526077	441742.73958340014	853389.3649314847	224575.3468327622	362921.7227326327	655573.5271879892	769430.7558342342	992105.5412050053	391359.6678153407	370832.95028628886	614075.6177731671	461648.91248533886	1002230.6805612689	170321.87023313818	448245.8967232407	825756.313406663	777434.2045886748	1408066.8887701565	1257179.5450453872	899794.9979039347	582878.0861172952	1276678.516019867	1008363.1152217985	97454.4199128615	298941.21866060654	517466.3749144758	405098.6613521966	856146.1730526073	994308.3172723455	1200793.7093093733	166643.9119773509	297558.04071383306	357739.4915701924	876081.3878460707	804516.3091547487	730555.668826249	728007.1549628273	880672.3668585292	564444.0630243949	689055.7234864441	1106282.2442526922	551322.6034530392	737496.1759005219	607980.6480832536	616172.8450524774	1125562.1479168923	972646.4698286289	1027985.8766254414	1445823.4971371735	1116448.4716096101	266874.12864141224	1402642.4870496981	968292.5731659085	572044.7062766197	697820.5842786338	400520.58411571104	188695.24651305005	131103.461537162	899382.5294617304	348316.89475587173	804882.6239387726	802529.1155332704	310820.0384659876	488076.4728928237	570155.4150183267	1251358.5697278609	1002505.5946923316	438581.7622530242	711894.5071508988	398362.62501418684	685800.5910771228	149542.1930913244	304508.2977701835	584513.0862363197	
565350.268540312	718941.0894735102	257568.0478722734	548631.1451580249	727353.3300560332	527244.1823526077	0.0	336173.1976423635	526359.8575078637	462863.8109366514	308057.73957901093	134252.66407449686	348513.27203081164	563751.9874412178	186372.17965592092	279770.22963677294	165712.35481311052	290980.9077465907	553581.7358985301	380351.66149308387	185180.64034277125	330301.25590001256	259541.56504165093	881290.3735843796	748840.6555347655	577028.0800853161	101452.12513831096	749711.9893294751	538435.9242731028	433600.6794050521	287829.2849494502	353072.4903219782	873821.0268627676	372746.77106477675	516222.72340046935	685726.93612958	675825.9507101714	230196.53185893619	327284.11526957987	354387.95232950535	431752.4599457059	401141.3263226698	205774.15811433812	410127.63074334624	192939.8435511254	249309.91364117095	608426.9307358345	81565.9227901486	462511.3210688302	466773.8391992347	390330.18162829796	598677.6125795286	456936.00048351515	601018.7615962992	918980.9607295848	597946.5014704937	535867.4960676837	878794.9226666472	610106.4551284678	244018.4928736392	327722.2608168476	127698.44805010608	715790.7173887145	621131.7183530091	494129.0516370548	225240.57225200726	278311.2522344976	499454.97248110804	833376.672850132	453991.40942147694	420870.99487389176	724649.042594229	477175.93761252845	117976.01205131672	262878.6906936456	543519.592121099	299796.8515821527	387612.0937826632	378872.40779746283	294255.82094165374	
892044.6061147582	435204.9857790943	414517.74388334795	781566.7645121926	983465.4938880786	441742.73958340014	336173.1976423635	0.0	855179.978350775	530918.755967953	85420.96591635433	391828.82103945233	684588.5678693082	898233.3077180543	390527.2716459282	468429.32553211943	284622.04118124367	536090.4259495998	593292.9781262322	399809.04795258434	439686.3414764366	651572.6509566257	564402.8885137545	1091017.438860443	1038753.3391462044	906427.16769605	302645.7844990296	967236.2085335838	613441.3119163151	392316.6642971628	415166.7899137697	612029.7868812834	646502.7897363406	698195.7358966862	838577.490718537	967505.1217961608	522419.4916384407	295032.89603208756	501882.2429744211	641794.2822241486	765128.6328293486	725539.8995032787	508842.09049184696	739046.9066931285	509450.2112614971	585320.7406395643	914609.7398038316	413536.64870630676	776506.3100949373	183275.29497624573	681612.3674330009	842928.1124332318	749031.6886083876	935260.7370872019	1150531.655069743	876737.4167738752	283354.34964607615	1130872.902955442	944658.6465659856	552783.0095286763	283988.0269555431	299745.5374039388	603634.9098088302	571408.308397582	830301.5468000112	170774.76271743941	529231.3940583284	822494.2944433857	679047.0705746033	119180.82452749272	685446.7808801841	964819.4137331041	741351.4851119922	228497.85806427858	343462.41165587376	228229.96146739795	630811.7378568855	307565.6008276476	141838.99824019175	164542.74277620183	
308271.0451372127	1173233.1923092823	653060.8096567173	640455.0002811556	683083.597451858	853389.3649314847	526359.8575078637	855179.978350775	0.0	657403.363999647	808394.932369075	545304.0488673624	204059.93859234703	216890.62248146717	502677.6605446747	485521.9088232525	658299.117767894	392679.99915019976	914943.28863164	686646.4776177788	440343.4547181592	344034.447680911	424231.333261397	900828.5210527005	591474.3667987316	51357.70989895444	600218.4566656838	790421.5997350604	869958.4170475078	763436.7946514942	561907.1974252973	338535.04164937313	1257306.187329862	309666.9554604206	326620.28408821486	581017.1066746265	1019481.1388383422	627754.357321202	495932.1510346785	456930.81261106126	105061.933235951	132062.25872946586	448397.347248687	277183.2317355515	346824.18313977856	288274.1053778046	446382.12283537973	445192.14350073744	121792.8801297338	992716.6259665933	240395.13403025665	639298.5419871361	452237.11431416834	236593.1420323879	880347.8539710733	544336.1654733678	989164.065629689	798610.2396432768	117530.98226171962	309761.858632135	816150.1421396942	566876.8089505031	1007892.3305002608	874823.4727511018	138710.8034069995	708660.926516505	536007.0253676126	55248.37469412334	1145447.3920485533	974352.7755028296	303734.3840012069	722232.6108240297	538796.8778119088	626699.2231023423	715049.3300857053	1037735.7151034763	226618.705083105	774328.6725317403	859237.338841431	815029.4683424034	
871712.957425572	609529.5268636509	717452.9413071795	989795.9278309931	1142863.1802821665	224575.3468327622	462863.8109366514	530918.755967953	657403.363999647	0.0	445763.73978975613	596537.4997187299	609859.7393560543	820264.4631104508	281730.1341738255	211721.01713302723	598420.9620338669	283025.67589555646	1002865.1111403679	132015.02125394298	316528.47194440453	698832.5544070145	674179.1324100185	1321661.302233029	1123996.2692297604	700336.8317944913	548115.9976420547	1190146.0011882544	995286.3454871682	172848.99940686207	175265.37299289697	319735.1701841909	620911.0819261707	719123.727964856	846320.7680250537	1076823.6526074875	377836.19065384794	264683.1468515911	176450.97561476022	772901.652190021	624790.084220813	544669.9177477381	634300.1926444785	734587.3702877217	422193.85693599307	546940.365699465	967578.7568591604	452736.1267543805	537139.639084383	713688.2540014304	417021.6440198128	1030406.7493882806	856502.0575815702	854017.4014170793	1345432.9624234573	999522.2448991645	459718.8551675928	1290667.2478419822	774620.5127959275	411900.9958969775	724992.8594234625	344624.9868754014	351319.26022264676	217434.55722344402	723816.4775134259	378641.9763989949	730374.6804705347	603908.3686935981	489210.11672742915	615021.5607808469	360135.06559524446	1152663.6716304098	903087.9586143912	420588.9551746138	703422.2194702616	572486.3776840469	523388.91838823195	244949.246996092	425666.361465064	630944.5852259226	
873169.6015622243	418864.73701926507	440435.7871196451	801058.0704293547	997886.7054911971	362921.7227326327	308057.73957901093	85420.96591635433	808394.932369075	445763.73978975613	0.0	390907.2372963975	649934.9926948352	870265.8203521767	324544.72536388104	394674.23043893516	301749.10833523254	468589.8679028881	651827.2157529227	314469.86812596384	379044.90641916596	635990.8332030007	556048.508124739	1120162.1279183633	1040878.3286316242	859744.4440753756	301344.3112097452	993223.5902697385	665928.7128929184	308193.12933527626	336331.9633785959	544871.0126848933	606407.7745102397	680003.3483270222	822944.0924687193	972581.6935647622	458018.67957187654	217885.3223766333	424951.54947410023	641536.7726549195	723760.5249816953	676978.4980454826	500069.157596901	718110.5931317416	461755.85661581834	551222.4419792031	908659.3839252215	377807.27139225864	721931.6839827516	267965.01972608746	620610.9011227466	859839.4477175544	748303.844657068	907672.7777588485	1173819.1970066258	882329.9017260313	245677.15172590286	1147578.4818203296	903930.8328758329	500615.6504805428	342148.815898749	242481.37825233288	532412.3152955936	490997.8677366303	796077.0473841539	101770.88778255171	537894.8078287572	771992.5419956542	617722.9048903012	183217.1335513157	617827.7398738962	984175.475396828	750662.6252309548	190870.67021240157	380256.45042737195	235734.92028045666	588459.4326387699	223988.99606830563	83571.85050037788	224549.74292340758	
507970.5520778984	809768.9949143191	134911.15104628488	422820.9890760276	611091.256216924	655573.5271879892	134252.66407449686	391828.82103945233	545304.0488673624	596537.4997187299	390907.2372963975	0.0	345317.7661830879	529042.1517690825	317352.1675105806	406725.5259527706	122316.30436510718	401256.84246021206	435459.7568344136	513622.55772292294	304103.8298638601	267695.5225608938	174401.75101865694	753192.6442730182	650305.3822529061	592557.7328101676	90083.81246050802	622304.9667041132	413464.17635171063	563929.7431115212	421307.00268971204	451733.2136980911	984504.6443184738	316858.1081162311	451523.5685901042	581681.8461566793	798350.1931350431	361047.9197508501	454084.05100229353	251242.13024009063	441811.7015848955	436453.0643533072	120750.5436729239	361023.71976320987	267194.4461077205	258076.1133249581	522785.5452405122	164364.93730634727	509759.2959950437	476037.8388379881	465428.9359498181	476873.5054579171	358419.95907892234	564385.7061853094	796008.7155550611	491504.76939145447	633350.0773222297	762035.2104618156	607531.4302879968	318557.6032585252	271023.13408023515	260283.75936919535	844236.9928862477	753725.9865814304	479025.3953384437	330161.13927550876	151760.76761622707	531259.4350241068	957779.3490470756	499046.89423965156	511679.7491600609	602810.6614620665	361600.8181883778	222878.16570021323	172676.6706334528	616633.9989020734	328909.3773661135	511752.19322666916	470914.59619843826	290394.098339376	
262297.51896523085	1042953.1588441979	449076.4640291955	479008.4140260611	571332.1906783471	769430.7558342342	348513.27203081164	684588.5678693082	204059.93859234703	609859.7393560543	649934.9926948352	345317.7661830879	0.0	226682.79247036154	383235.02556458703	405034.7958997366	462424.5940784415	327238.38547962304	714600.2131244882	599341.4648909208	322513.98648331553	154969.8351836199	222246.65255248992	777525.6244527726	522333.0316020395	248634.18217487106	408322.44065200514	654819.8783619317	672019.4953325075	673103.626791662	471078.75870846445	312201.5392914026	1160741.7510756112	139191.33851219772	238605.3086323311	486326.8788986069	934714.0265957814	501592.01025606383	433631.5278529247	270612.05196336575	98999.04261686257	132102.19427157263	244368.5046090166	133416.12895977922	207337.81619960407	99286.75752645292	364415.9525956619	272465.9144695049	210607.51140231197	806784.3556842874	247808.8037299746	493451.60608839645	298536.2649272475	263887.562415569	777192.3356044155	423764.6720661268	856872.9573968634	708095.3725236445	264754.99732030224	199558.4901189279	616156.3683037349	419514.52319693955	943429.8406569866	820036.8120892389	146189.38651115043	556059.4998896344	334403.2207691313	203409.74564579938	1076787.784871861	802490.0661589712	323647.1467375089	597421.8455607217	375845.0207937481	460287.2028771951	512649.22157170175	885008.4479688035	86477.37611608987	662939.34448999	711800.0474877085	624658.6433945085	
97799.6814661271	1268721.4347866804	599996.569307076	474574.7547393647	478032.3035266888	992105.5412050053	563751.9874412178	898233.3077180543	216890.62248146717	820264.4631104508	870265.8203521767	529042.1517690825	226682.79247036154	0.0	609242.3690161286	623465.9508498845	651318.3599089321	538625.4821857517	811719.7130812462	821784.2907842095	547799.9573904118	266081.9611334875	364310.3215324125	697217.4388974564	375647.82793274353	215580.88387850937	606674.3838227012	595893.6886826914	758583.7550846968	896612.1950780234	693164.3846892546	505816.7570767893	1386414.825210302	216327.10971292222	138759.26412916032	371711.9470857409	1158140.1652983858	728272.7576713086	646739.4763972891	347061.1567933233	197496.69563796069	280776.84448819654	410397.70219810505	170442.49244901977	433627.4701300662	321151.8961966055	237776.73764762192	493089.1200381601	320803.4142284299	1004460.8672778996	418310.77519569884	458065.2842020115	296230.25409540103	37495.08319538534	669076.217292598	349633.7401083858	1082701.7116838573	584745.7539710698	152913.3805382419	420073.3923301744	788415.2513461949	644943.8837759561	1161927.7495902632	1034854.0913152117	97507.39741770845	779199.2934695706	459743.8154031459	264775.78238276567	1296917.5762462968	1013991.8334886313	492321.0415401165	522840.26194264507	382602.7576399912	679467.7271118601	677285.5090009168	1105975.2025377178	306675.86856405844	889242.7753114966	935296.0075872266	819064.2103880105	
639510.9634362721	671279.598505659	443938.6179073223	710215.281643439	871371.0232450283	391359.6678153407	186372.17965592092	390527.2716459282	502677.6605446747	281730.1341738255	324544.72536388104	317352.1675105806	383235.02556458703	609242.3690161286	0.0	96841.3080285853	340068.4696102045	145591.07137855553	738504.4519145872	224877.6826835902	62975.176362255166	436064.9472445383	397775.4428845315	1043043.3375490425	867458.6330525831	553200.4222727761	281340.05775670556	911257.8115886135	724720.600171464	293956.10693115223	107978.81484762768	221524.39188141454	777516.4112067147	464929.5956356697	603120.7548274776	813589.0198010645	554201.2462083165	125076.72150159064	143357.02557864483	497258.37602692825	433101.4633961049	371196.16693156725	354563.72069098696	489529.52071176545	175930.72591803345	298226.7780618183	715326.1496264666	172148.683711817	404351.0590973905	560861.9946711827	297077.00984405604	753323.9988031669	587582.6763556503	646063.4873241	1071096.4154996683	731722.0297482241	486604.9243861461	1021202.6339487125	608812.769090735	195616.70495051506	489337.66902859637	98151.34282678762	573227.6604587412	461981.4078128388	520967.52932782285	223240.46504622317	448670.16126377106	460072.18128609046	701839.8640182386	505021.6232055762	294923.3754000848	877175.2463177616	626839.1771033993	188358.98528224233	443204.7689521446	541083.0212232078	303807.7884477225	280123.0003291232	361590.1267327672	422614.1032923258	
667215.6745998706	697274.5415310487	536575.2671628451	781957.8160250407	931345.6234301274	370832.95028628886	279770.22963677294	468429.32553211943	485521.9088232525	211721.01713302723	394674.23043893516	406725.5259527706	405034.7958997366	623465.9508498845	96841.3080285853	0.0	436653.30977038573	93331.67164171525	833256.2006507413	201743.5810472169	107882.8392111926	487136.49475978373	464891.79679784185	1112502.9107982002	913478.1286358873	533508.4438025705	377101.9442639645	981334.0002838928	817666.2697124664	278374.7031167518	77335.7637783288	162201.19262001442	772510.8340487992	508295.28697637835	638334.014880129	865309.5893079635	537474.6051489948	177645.3641777981	47541.39684091516	562889.989136662	433782.97882296576	360153.77962204645	428024.2509322461	525634.5061012488	210711.63205275708	336173.66752705147	757706.038945208	250365.33493720362	374145.78439783794	644886.3049540746	255453.41021331277	820587.2720101238	644874.4196466161	658798.7166945813	1134334.3692000601	787806.4652902893	518489.1858821604	1078965.6648349175	598850.769169286	205479.27229942087	585869.130456767	191711.6954609093	538896.2648330857	415340.61125694023	529476.4723419457	297696.9111530148	528902.2240368936	436736.8571725971	673455.1098279987	577836.5935492312	230563.68264698307	942021.499560564	693056.4205823168	282110.3441614664	539334.6302645653	592771.653240298	319337.9453868384	293315.819022478	416235.9347268271	515769.65721218166	
629087.4725830718	715146.8431606216	140354.00170498938	500196.2625534247	699836.9171252681	614075.6177731671	165712.35481311052	284622.04118124367	658299.117767894	598420.9620338669	301749.10833523254	122316.30436510718	462424.5940784415	651318.3599089321	340068.4696102045	436653.30977038573	0.0	456297.3072562986	404447.88666803215	494857.51292115205	349407.6119615763	389553.7089279327	294528.79097501683	818763.8115001029	755166.7276097569	706886.5171306869	65080.62647827813	691486.1272447444	399836.6823208341	530743.6056873049	429185.5205129821	518633.8813879203	907440.8568330938	438929.25577959366	571769.4551700822	683222.9165108713	741300.1936685961	339366.35847730166	483425.4560289869	361211.6741393921	556627.9500687968	542525.0122745386	242504.59930509955	483277.0121331056	350094.03541597974	370123.7994616286	636118.6700119419	235904.7068983733	611303.9184486377	353865.90716212965	550856.8171871656	560173.8979242911	467814.19757836126	686700.4892710883	872274.5966589013	592444.682406297	547332.3141082422	848280.7103626409	726406.7921824765	402538.8850973162	164569.1769893234	255278.9086619422	799818.2849948565	725611.8393980353	599494.6155980653	267832.3620949552	244985.2362417888	639626.6486166621	902453.6493315406	384055.7734072721	585654.0447131225	683552.0070124238	456733.92570908903	181161.79451823575	105045.35202908039	512743.0002685637	435740.7383518747	464921.9188435439	385121.1866837306	168204.1571556176	
588756.7995906571	789466.1614296393	535798.7089374048	739933.5986069803	875006.3832969227	461648.91248533886	290980.9077465907	536090.4259495998	392679.99915019976	283025.67589555646	468589.8679028881	401256.84246021206	327238.38547962304	538625.4821857517	145591.07137855553	93331.67164171525	456297.3072562986	0.0	836334.2167649847	293980.25866113114	108204.79613853521	428554.2840849598	423280.47322983306	1065258.5249408402	845237.3230707516	440355.1800567733	392431.11221787956	935581.1009976217	814160.2836369628	370764.62565764127	170542.72332345438	76281.48901191654	864752.1561990397	442731.6576191973	564777.3318240022	801952.0389905623	628164.6377352241	258081.56238887858	108119.43279037294	516976.687188062	345438.7341079558	269113.9319287175	395564.03999178606	454331.6902931896	157393.96108697954	272454.3386753938	687905.1975575832	236913.13890438518	280848.6236996621	705597.3522967346	162946.7045398247	772825.5993257543	588856.346359592	573089.8017284696	1080122.8517288947	728945.0117478895	609309.1226631931	1019662.9642632572	506757.5270075042	132443.62204063518	615283.4850435219	240820.522466165	624175.0700616459	496237.8101765432	443050.99137386295	367976.85140397353	502903.55417785654	343481.3007501261	760218.5464253519	650075.9804699065	149459.3025119037	890598.1262498824	645569.5289766251	328277.9505888355	553099.5804958406	677634.7877980203	240790.61954186237	386048.85485144163	499140.8989835971	560550.4903828361	
743253.2286590363	1007082.3571395129	300609.78768189094	401252.7121703023	583952.5719261711	1002230.6805612689	553581.7358985301	593292.9781262322	914943.28863164	1002865.1111403679	651827.2157529227	435459.7568344136	714600.2131244882	811719.7130812462	738504.4519145872	833256.2006507413	404447.88666803215	836334.2167649847	0.0	896966.1549875519	736091.9990922508	572803.8234618483	492411.8270987358	588199.6820340918	710140.5963310107	953234.2366045523	457688.6436787145	497386.34955154656	61214.92071510416	926362.4627620423	832683.4594528603	886587.3068917453	1236041.5220050372	613996.9142447852	683242.0921719521	633556.7070264246	1109834.825818573	742594.6351519878	880721.6423068892	467919.8763033856	811625.82944846	834457.1326007538	480780.30040246365	655852.8500376281	699604.8741360006	656895.370654362	669483.4668836717	599686.2835362316	913603.7980714208	522304.652962744	891585.96199427	460273.38374213735	523968.33432999946	836581.199958766	674046.8148257474	562294.6009441483	875563.5421114211	694662.6495868716	938760.6672471853	749163.1111879747	310282.6778532657	659130.576880284	1181401.1546021749	1121103.5601397764	806976.6809786311	655335.6907971541	380318.1353965085	917767.124538125	1269153.2863751485	631514.678720143	944045.5503170535	536891.8806068336	449628.24074738036	584107.283800509	299499.5402657085	791655.6423712109	732795.7728432602	853282.6935800959	730023.1499024435	429797.0262361222	
859628.9733514754	512633.5694099466	623383.3370411401	925727.3049966146	1093752.9222133863	170321.87023313818	380351.66149308387	399809.04795258434	686646.4776177788	132015.02125394298	314469.86812596384	513622.55772292294	599341.4648909208	821784.2907842095	224877.6826835902	201743.5810472169	494857.51292115205	293980.25866113114	896966.1549875519	0.0	279184.2778660408	660940.0354705052	619067.9260456343	1259056.1682759998	1092325.4382262575	734031.4124429518	452067.3501403599	1127209.4210852543	894688.9056717401	76794.30368412464	128621.12305418585	354771.0746847805	570841.9798502185	689265.0096452605	825919.7602881877	1038189.3374998652	336586.62180852896	155977.46651173529	194704.83583837393	718478.9190299619	634747.8961474668	561894.9556356622	572479.8672684846	712287.084617164	395183.3273696146	520529.9331223793	939844.5861007839	391678.19453046477	573032.4983229028	582184.7247168601	452418.1680421375	972145.7838297406	811470.135608646	857681.8823310727	1291484.374177708	955616.2146102916	346491.68955633393	1244176.2086194358	800499.565784963	401723.25386366	607981.0042913731	253348.41083030612	348391.90030140826	241305.28750249208	729184.9140714128	254088.08893700305	657745.656529372	636938.6157513157	478407.55462086474	483186.63368790364	413607.69246635394	1097093.9754540897	846951.8777138528	313710.0179882695	598469.9420284244	448488.44963231526	515507.0941316979	119266.22657718605	294581.695427088	507742.7183749943	
580961.6347433551	734141.9805003483	436715.0215406735	674451.6034998827	827102.7760909209	448245.8967232407	185180.64034277125	439686.3414764366	440343.4547181592	316528.47194440453	379044.90641916596	304103.8298638601	322513.98648331553	547799.9573904118	62975.176362255166	107882.8392111926	349407.6119615763	108204.79613853521	736091.9990922508	279184.2778660408	0.0	385890.14484283	357867.91654097254	1005534.6672832966	815770.3431448846	491034.04659799364	286272.1930415873	874193.9997304069	717228.3093119338	351323.57083439763	153630.19329794825	178370.2203016668	838615.583473305	411238.58294425224	546761.8612171381	764574.2333006164	612680.7067305731	187682.26069665345	153265.7552074511	456397.7668485554	370172.268825037	308637.9741770105	320160.210293819	433145.0457659049	116205.3070373719	241396.44542426546	661867.6264704181	143639.05046482227	344543.87061351223	603449.3467740153	242176.22971685545	713976.8149768781	541311.4754069407	584452.3006914689	1029071.6602193522	684975.0833185248	549286.6593779826	975703.5665880275	545900.4030952243	132642.0442739602	507285.7402118486	140034.30195836877	626761.0827751042	510363.0436569789	458652.53240934503	277281.82257154136	421403.16242936876	398647.7413607856	757582.7243389152	556477.6643578999	250904.48116867902	836147.6934740354	586593.548539512	223152.0130190446	448056.54601706174	600653.1531471673	241669.04025828128	342323.5862294966	421255.95274126076	453396.3456846642	
241026.8762903262	1049242.288931647	335093.8685611695	328283.20930364216	446492.217789253	825756.313406663	330301.25590001256	651572.6509566257	344034.447680911	698832.5544070145	635990.8332030007	267695.5225608938	154969.8351836199	266081.9611334875	436064.9472445383	487136.49475978373	389553.7089279327	428554.2840849598	572803.8234618483	660940.0354705052	385890.14484283	0.0	98233.32560686555	640495.2384835563	431519.6420942044	380554.76335213275	351275.5843763626	513361.16319664964	526302.1073546931	728386.1150860112	539064.0537661659	435300.0157797349	1196561.8715359808	49929.76521532692	187288.63214499239	378706.1917454217	985230.8613994739	535336.5351264537	525106.740126391	115822.94725230018	243805.29244418198	286699.5895690034	147054.61059159006	95646.6252417731	276867.6585708945	156589.60023776608	282039.57911755395	278468.4401394736	365573.1710531572	743397.725017716	389919.4631497834	350072.2944696918	160470.9595018505	299751.3125882934	651614.7192542918	301111.51639084576	865866.0134745942	592318.6719962538	370004.81929827534	297181.6319454103	522361.80762806814	437677.0310913252	1009238.1699936555	896054.210849738	236783.20236162492	555356.6432696641	199825.48536356408	354060.09612540423	1136574.1592453578	763301.9673864404	462172.01020629465	463337.82507003605	226562.23801678896	447988.90414792433	411248.72840980947	869709.6041456115	211814.06685975994	700472.6037468314	709014.7743533481	557749.4216639738	
334663.01758495293	973336.2203374311	238176.0120624881	317693.2086260701	474755.6230682743	777434.2045886748	259541.56504165093	564402.8885137545	424231.333261397	674179.1324100185	556048.508124739	174401.75101865694	222246.65255248992	364310.3215324125	397775.4428845315	464891.79679784185	294528.79097501683	423280.47322983306	492411.8270987358	619067.9260456343	357867.91654097254	98233.32560686555	0.0	647680.0473772836	489392.10965277103	465220.2900388382	261847.56811704606	516442.20680475875	450900.3511817682	681161.6237154431	505118.01155203814	446953.2524984025	1133329.5151739852	148095.91171623586	277341.67610282294	426559.0860251603	931549.3726443601	481028.8361210865	507673.25703490624	99519.49011667207	319954.0807106576	344447.94235561846	56010.34453997377	193879.85640875003	265914.95026754134	175850.60955556022	352611.83531168115	227389.95619895848	424326.4249999925	647759.6768179273	422463.4300440535	356265.34547898144	197528.65687875857	397904.07433698344	673324.8397350912	339812.6282097152	792616.2109172823	625493.9399101466	462921.3335902118	301464.5185237242	424130.8241547516	379144.6648977012	964327.1516315229	858996.7107494089	329910.0313346165	482815.6600247148	112156.69875956883	425362.5343704387	1086881.916737051	673243.4201911741	487558.43443491205	479453.2601514352	229214.554532581	373512.7933826192	313096.31997871207	786652.3544907192	249025.6239934599	643731.4924654191	632570.983712702	462341.5143298537	
599490.4566004369	1526148.9326729202	679843.2917719114	333345.569947481	219190.2633493552	1408066.8887701565	881290.3735843796	1091017.438860443	900828.5210527005	1321661.302233029	1120162.1279183633	753192.6442730182	777525.6244527726	697217.4388974564	1043043.3375490425	1112502.9107982002	818763.8115001029	1065258.5249408402	588199.6820340918	1259056.1682759998	1005534.6672832966	640495.2384835563	647680.0473772836	0.0	351347.8798352914	910588.0106365337	832294.8824699232	131876.0139556122	535153.2269926034	1314889.566488051	1150959.7410003245	1075792.9169379477	1726204.6659509572	639417.7511116491	574250.7019333078	327375.57946526865	1550941.9796549557	1111485.9475323164	1154747.4351792857	549858.1069892559	833651.9290989527	903332.5918040081	688497.6651055308	648080.5631669966	909035.9396787427	796339.6169582686	459506.6553467093	870941.5435205888	973108.8147583612	1078383.0785020755	1024672.232773433	292508.0159854792	481513.6866101282	695251.2231621144	99374.22541162897	358279.08875916246	1365219.0897119844	172987.056910743	848790.2030488043	936096.8533172468	827745.0691139067	1008823.6141408719	1596748.1902104462	1500343.9028035928	762191.2831983188	1078553.5693998148	603196.6358823837	936579.0541156761	1710799.935352165	1164747.780191315	1099368.900686181	180561.97292174882	420042.2430630578	974739.6403513339	747700.705324156	1314949.9413758875	849789.1391393895	1264936.1011937698	1203680.9774134562	934869.9829579385	
284209.57915979024	1459632.11544405	641785.7663002836	310570.95271023747	154813.04440091006	1257179.5450453872	748840.6555347655	1038753.3391462044	591474.3667987316	1123996.2692297604	1040878.3286316242	650305.3822529061	522333.0316020395	375647.82793274353	867458.6330525831	913478.1286358873	755166.7276097569	845237.3230707516	710140.5963310107	1092325.4382262575	815770.3431448846	431519.6420942044	489392.10965277103	351347.8798352914	0.0	590345.8053079685	740319.1454862955	292151.27541954274	648938.5252784403	1159846.7966728949	969362.8296058804	834464.2215166583	1622341.896352287	405229.6262852954	285247.97364429204	77996.2589795431	1415797.6353834248	965032.8482826618	948043.4317758923	399346.0918692622	547838.4709748648	627998.8618639712	544202.3956003262	391153.3057324875	703123.8242376245	577306.6818715917	157917.63774050475	707684.6768622772	684904.0701137725	1085716.5790029743	762733.2647182929	249880.0264563366	292975.4216258582	364248.92516897427	301443.02408536297	165080.78783992367	1280852.3988103408	211748.96976518448	518858.6954539092	713306.0078094222	832802.4179931754	865234.861959247	1440683.510364603	1326039.6704972596	458751.6516417317	971894.1911776735	510290.65171172004	635975.5444164843	1567977.3468013431	1137976.5256323568	839464.0099738059	214881.33471517326	303381.60056138114	862460.1046188753	726062.4569254984	1265763.7248887133	606851.3907187688	1129614.0000979342	1119609.1900429414	910304.6376239113	
312040.80500223325	1223293.2660636131	697192.3831419429	663876.3923107368	691681.0447313329	899794.9979039347	577028.0800853161	906427.16769605	51357.70989895444	700336.8317944913	859744.4440753756	592557.7328101676	248634.18217487106	215580.88387850937	553200.4222727761	533508.4438025705	706886.5171306869	440355.1800567733	953234.2366045523	734031.4124429518	491034.04659799364	380554.76335213275	465220.2900388382	910588.0106365337	590345.8053079685	0.0	649520.316813325	804607.8940755579	906684.2197307425	810815.4867641738	610247.601806149	383209.65645674564	1304254.3174980676	342404.8463027048	339407.76945210755	586673.6109244676	1065523.864576013	678260.2620377938	542063.4437120092	490650.6789967662	150747.90944519575	183200.63833614535	492507.3605238601	305880.9813603454	398181.01545296476	336794.9212187118	452172.613030453	495996.1077449516	163293.9115717018	1043109.0205947467	284422.029425277	658026.5521750167	476309.1428221332	227541.48171964815	884609.051024197	557522.0148814595	1039501.4696974453	800185.8856171253	84109.32200768599	360865.6388031331	863573.6115026666	618174.8984044697	1051433.4128435256	917521.93491345	156889.6842680667	759969.7376127028	576187.1368404039	97269.33813985657	1189191.907082577	1025594.1474851884	342972.9672037915	733976.2012402492	563927.5557343338	677960.5399292643	761165.3560339498	1088944.7260645246	277233.29125078535	823544.3686917141	910362.345559191	864774.5042601879	
592302.4202456253	720110.0374685228	171319.7561446773	505520.425707701	698106.117625898	582878.0861172952	101452.12513831096	302645.7844990296	600218.4566656838	548115.9976420547	301344.3112097452	90083.81246050802	408322.44065200514	606674.3838227012	281340.05775670556	377101.9442639645	65080.62647827813	392431.11221787956	457688.6436787145	452067.3501403599	286272.1930415873	351275.5843763626	261847.56811704606	832294.8824699232	740319.1454862955	649520.316813325	0.0	702563.1193506756	447220.3803325232	494886.69601706596	375721.5489292156	453846.70533108886	898682.7287255911	399237.9741109547	537348.0143365102	671357.2165175251	719244.3378353623	296264.8287000988	424314.13396157924	341325.14615799213	500109.54130045976	481631.93459269643	206529.14745928737	441902.3300237387	285517.5080147838	313162.2463567483	612336.1693338321	171159.37178286287	548815.1291373288	399502.6241049046	486050.1954202133	561901.5648186961	448500.0098339338	642875.9497060415	879329.0027214425	581023.6016437182	544854.9877709321	848553.8780639177	673064.7771759126	337878.4122293503	229285.20047116425	203553.4481601422	770758.8774153384	688160.7320765532	548909.1337696976	246369.54776706014	237554.20228882413	579301.7251369671	879702.4922097222	412154.5944784126	520616.50019255356	687328.509241888	449704.538123873	144365.53226691816	162459.64418294243	526652.8205996847	375679.5638127381	435841.15950236446	382091.2049408615	216336.417990168	
