0.0	0.02335263767274353	0.13215537233802915	0.11392547843349174	0.19448681178299354	0.18503344064402094	0.2300268684275831	0.1983211723940709	0.23858284907156957	0.2632634782186455	0.10117465153454101	0.08913306695565959	0.1485587296296886	0.11819973298681133	0.14137952974349421	0.14093427578433293	0.16026412680276828	0.1820729096997698	0.2149139747489674	0.16265510196756902	0.19099201682375752	0.07727829635552541	0.1539195907431514	0.06811335573896368	0.06692998898827679	0.01657934041887757	0.038038787190031086	0.05999835137595326	0.09590899195097759	0.05330934684322224	0.039828678892913666	0.016308852878814707	0.037894521984891	0.2328812492938911	0.024652296905425437	0.11237244162189068	0.06625970532008375	0.12317113340355618	0.07034118122666473	0.07016769537834748	0.15381090023598665	0.056487607479198454	0.03987741835706541	0.039829270533491494	0.08667904835221095	0.05470783770448058	0.04005112771307846	0.0692882106255963	0.09816411149669256	0.07978630652011762	
0.02335263767274353	0.0	0.11267569876242227	0.09217387832687829	0.17278048425324682	0.16648327464536866	0.2095245577851128	0.17934529260142604	0.22186841560775997	0.24194284292665175	0.08284166419084613	0.07686971016159448	0.14309272997751665	0.10844744574677298	0.12750904133445548	0.13213659323190138	0.14624577229964641	0.1750875013286548	0.20305475330237974	0.1424835263760067	0.17717722343731368	0.07559744513982007	0.15708446724223094	0.07466600188337373	0.04976094424387728	0.02259252888997383	0.03192105688644712	0.053006215639794824	0.11528310256317101	0.0766492157153516	0.0622380182352924	0.02421319698779988	0.05871521689490194	0.21711830924538994	0.04797610361256964	0.13379670636745108	0.08242609275639459	0.14561846457786276	0.09328198169491128	0.08811154787181974	0.1769860844731377	0.03333778476292064	0.028342044674898096	0.03630334330890671	0.11002423399973002	0.05871555088302091	0.05381819119643188	0.07616728592093625	0.10849945551029481	0.09735532934840967	
0.13215537233802915	0.11267569876242227	0.0	0.030571439998291462	0.06857564729926195	0.054336872064221275	0.09841289491922726	0.06673096761673177	0.11244842771757002	0.13338749673346714	0.03173224793529184	0.0585895040101852	0.10056775717404348	0.06512808290213148	0.04625131311837615	0.07762721126034954	0.055928412298728684	0.11377759121667053	0.11261285410823166	0.031138876956637845	0.08119531051388931	0.09695354256438983	0.1504803556014938	0.12214554083929062	0.06570100398280296	0.11911322266215112	0.09945758973675148	0.08641438403125284	0.18991470100570615	0.17929136769905005	0.16018834025793155	0.1368531019386955	0.1699949811543992	0.11042490244433886	0.15310141414807021	0.2158242729092755	0.1542362711974839	0.23327306477589096	0.2002024060417123	0.20075801308703758	0.280266873898191	0.09291283678935225	0.1277072518577638	0.14106870683765682	0.21219861000947207	0.16542270492706088	0.16626642379786336	0.18358942086354507	0.2173178603533523	0.210030800941264	
0.11392547843349174	0.09217387832687829	0.030571439998291462	0.0	0.08062649283168918	0.08186704419062409	0.1183267313600405	0.09258044584102261	0.14120982385171135	0.14980976904542384	0.03058992434316216	0.061751070417651384	0.12105627507160134	0.08132656606783134	0.07231560231130954	0.09930717109127661	0.0850503252370586	0.13943748233878822	0.14285271774321118	0.053230354745792	0.11161178416989793	0.09817230658131215	0.16506348594023834	0.1199182374057167	0.05310957120381141	0.10340899252386203	0.08699090990221765	0.08056985589934468	0.1848262557629736	0.16472115935716786	0.14681414176256047	0.11562217560479651	0.1508507993012899	0.14015406341274741	0.13694850409760426	0.20922159197540208	0.14828636884251928	0.22516968010083502	0.18397301740047892	0.17948481558911844	0.26641818525428873	0.06703711233609078	0.10248675110935282	0.11611410084721441	0.19832407174412625	0.14009797957168557	0.14409340911404792	0.1580834159773103	0.19185569460978363	0.18838415371308095	
0.19448681178299354	0.17278048425324682	0.06857564729926195	0.08062649283168918	0.0	0.04981921933518627	0.04359499808428391	0.04564416937572017	0.09317214870670898	0.06958830397499222	0.099075913352623	0.12712228990662944	0.15518836228409189	0.12818568548482137	0.09931595176635775	0.1327926533583529	0.09579143461664194	0.15571753294088914	0.12941255411761873	0.03994220262645321	0.1015027279353253	0.16536803824128782	0.21018106556089558	0.19071950159094572	0.13100596510170726	0.18337590339080284	0.16543699182167323	0.15448500777403812	0.2584504264307955	0.2445596916166213	0.22610787910897187	0.1960609645027294	0.23147323324970334	0.09998192810438715	0.21719054462505782	0.2842332811485311	0.22263314202318965	0.30143722444555654	0.26433644118761046	0.2596935088989652	0.34617277446006706	0.1459095161527737	0.18104770001663184	0.1946744438596385	0.2779808535937201	0.21794476656630385	0.22411172425425308	0.23548750741386684	0.26893895766078013	0.2684300764730471	
0.18503344064402094	0.16648327464536866	0.054336872064221275	0.08186704419062409	0.04981921933518627	0.0	0.05335709097047947	0.014221484513327286	0.0596174909923718	0.0910799732827742	0.08390622230200692	0.1027639830134995	0.1110701121838903	0.092380066395998	0.05977183402947435	0.09030298043889584	0.05013274290482612	0.10706537558014162	0.08051259476827678	0.03088936681133545	0.051701262344978786	0.13768998407591826	0.16744931065365587	0.16432366555805658	0.11810426272245196	0.17107846504709867	0.1503280196182924	0.13396648488719465	0.23222112547153004	0.22966628748322204	0.21007287218782905	0.19069623906972988	0.22292233020834434	0.06051062746291182	0.2047499352249834	0.2590588528955949	0.19844043713386156	0.27766622562919824	0.25138815853871443	0.2543634158688497	0.32917074631444987	0.14710096982801157	0.18202623547797733	0.19540374334094773	0.26171156462001305	0.21975203561454823	0.22023647753570602	0.23791464641231078	0.2716507763132855	0.2637345849066322	
0.2300268684275831	0.2095245577851128	0.09841289491922726	0.1183267313600405	0.04359499808428391	0.05335709097047947	0.0	0.039796716350550966	0.06224200733575309	0.03773213805123264	0.13011297580328313	0.15344125507306441	0.16290229480062074	0.14564989570873796	0.11312825164440393	0.143054504820639	0.10239847950103714	0.15391577342267215	0.1145198067764096	0.06744567784572106	0.09443368667070194	0.1897915579833056	0.21946512091352446	0.21625386233381655	0.16405841083092138	0.2174386687745053	0.1978464634437432	0.18364537275990717	0.28438053943796976	0.2776869123683974	0.2585050318594824	0.23341077923182618	0.26768651673326477	0.073304144642142	0.2514477102135851	0.31101265232305536	0.2499052401376577	0.3292663597147176	0.29858759252301165	0.29744057168639937	0.37846173408813516	0.18520815497648813	0.22064526787431632	0.2342956737367419	0.31048899396821455	0.258068070973876	0.26225565624487696	0.2758950129963435	0.3095698157507652	0.3064716628468788	
0.1983211723940709	0.17934529260142604	0.06673096761673177	0.09258044584102261	0.04564416937572017	0.014221484513327286	0.039796716350550966	0.0	0.05197611642006269	0.07748907184771088	0.09715004347970901	0.11688248078619855	0.12338987784324681	0.10637682859567887	0.07361773035012029	0.1032771963284175	0.06267615495415083	0.11673637848238612	0.08440594575313069	0.03963982484154368	0.05872422946902212	0.15191113593832067	0.17992455482585526	0.1785450682492101	0.13143782561626272	0.18460064724374753	0.1640266089800563	0.14798590503105435	0.2464374556869874	0.24351527577821921	0.22397138604926356	0.20354158752983548	0.23621479166054626	0.055957056202603515	0.21836957544513802	0.2732795585153105	0.21265255593091117	0.29188557826118977	0.2651231430816615	0.26736904910717607	0.3432183226443087	0.1587960912690994	0.19396803910297095	0.20744276362183892	0.2756801329951855	0.23172008529882585	0.23298967218740319	0.24984482435510816	0.28362184446251665	0.27668381815225057	
0.23858284907156957	0.22186841560775997	0.11244842771757002	0.14120982385171135	0.09317214870670898	0.0596174909923718	0.06224200733575309	0.05197611642006269	0.0	0.08749720531034556	0.13925002839164657	0.15134089207487225	0.13206067866572108	0.13106488423064752	0.10001516814358072	0.11849708185168614	0.08227456870713687	0.11176508990179909	0.06170761702077425	0.09017882460805972	0.05725355304534887	0.18064966567135365	0.18598595740550322	0.20688292524109836	0.1723302287437826	0.22355309355535216	0.20197596731972017	0.18300490161378102	0.27221267378973274	0.2790767778006901	0.2591940644377486	0.24594924001460564	0.27613998915600674	0.01392007609624609	0.2562425290844949	0.29936966779656465	0.24153470033287286	0.31891616763913205	0.30162001584832204	0.30866317947355154	0.37537530105972666	0.205208927264158	0.23957065398018149	0.2527078950879876	0.30952436893813867	0.2771048617524847	0.2756129604982791	0.295285016188726	0.328852944046389	0.3182115026580844	
0.2632634782186455	0.24194284292665175	0.13338749673346714	0.14980976904542384	0.06958830397499222	0.0910799732827742	0.03773213805123264	0.07748907184771088	0.08749720531034556	0.0	0.16505353544997173	0.18992774756483707	0.2002020705433472	0.18329892897924194	0.15084536207488725	0.18066406137004223	0.13995799626350264	0.18947982692081178	0.14627734048648738	0.10227606740735863	0.12983446709605623	0.22680757372414062	0.25674982477412067	0.25313534251757835	0.1984016036397413	0.25147486173846123	0.23260139228014862	0.21952314429657618	0.3213054736764725	0.3122942773292126	0.2934101395193389	0.2654179935712202	0.3005435623769685	0.10074647501631352	0.28544957290021944	0.3477921279201931	0.2864799073360423	0.3658168789492649	0.33265778656968625	0.32917398102530737	0.41355759211066084	0.2154967550657114	0.2506234514838872	0.26424408846441466	0.34542207955653786	0.2874298378307406	0.2936366040936395	0.30488782210771687	0.33823646573787075	0.3379578593385833	
0.10117465153454101	0.08284166419084613	0.03173224793529184	0.03058992434316216	0.099075913352623	0.08390622230200692	0.13011297580328313	0.09715004347970901	0.13925002839164657	0.16505353544997173	0.0	0.03162370686180414	0.09295396698406647	0.052211921031472174	0.05178336521486651	0.07252525684840172	0.06859210518363179	0.1150553912572478	0.12779532474198224	0.06286143508407925	0.09865526945503737	0.06933046524805807	0.13466399971687432	0.09292399463297521	0.034304201419563106	0.08763615006817264	0.06773524512487641	0.0554427460358337	0.1598502255825462	0.14757468024597054	0.12845647542346805	0.10702951779326918	0.13906913402619683	0.13520139436074094	0.12156475957564841	0.18531493607474167	0.12374745283396801	0.20236856345412824	0.16859303063858272	0.17049622806063056	0.24854635183463186	0.06812480661343014	0.10094651497545133	0.11379019107343612	0.1804677386750808	0.13814730026733657	0.13665985491491064	0.15629785369055685	0.18972900547119623	0.17990162864979437	
0.08913306695565959	0.07686971016159448	0.0585895040101852	0.061751070417651384	0.12712228990662944	0.1027639830134995	0.15344125507306441	0.11688248078619855	0.15134089207487225	0.18992774756483707	0.03162370686180414	0.0	0.07200988406155387	0.03270193373560828	0.05239756890934989	0.056626080453515616	0.07125217023600805	0.10058736177718942	0.1263769321871575	0.08845468871329377	0.10187649034550217	0.03846797867698044	0.1057671537347981	0.06366161481552386	0.031191900144263537	0.07322040926375598	0.05135594403081756	0.031727715214549056	0.13168224696124775	0.1279783832709624	0.10815850553969715	0.0992841773545527	0.12577447849852033	0.14461598109107188	0.10503201759027295	0.15793415632477367	0.09655225756967319	0.1758982013302363	0.15034149998641266	0.15907622912613084	0.22648047602820584	0.0756422443484297	0.1013884256682625	0.11231526365952697	0.15930941467819865	0.13553517617705843	0.1282664017902805	0.15302817355956538	0.18499220244128103	0.16874467394116432	
0.1485587296296886	0.14309272997751665	0.10056775717404348	0.12105627507160134	0.15518836228409189	0.1110701121838903	0.16290229480062074	0.12338987784324681	0.13206067866572108	0.2002020705433472	0.09295396698406647	0.07200988406155387	0.0	0.04107513306300428	0.0567214656760121	0.023103353156813472	0.06093737622809409	0.03459387716350507	0.08161101934143107	0.11712641309580499	0.07507562466174111	0.07191935302313537	0.0565633411986297	0.09147948008431821	0.10294443570633086	0.13206915692507462	0.11230838766131714	0.0902306350047636	0.14718633005779336	0.1708638266542013	0.15206069190180624	0.1621664954900631	0.17994794742273218	0.12025663911860318	0.15635792880762936	0.17376044531177073	0.12300586078350355	0.19383586125649024	0.193882029572216	0.21366613703333065	0.25580021461865304	0.14738963760732576	0.17006621312732592	0.1793954685757419	0.19549501581342982	0.20084172900389374	0.18846056534523642	0.21714604552701186	0.24667357061863193	0.2232004257748158	
0.11819973298681133	0.10844744574677298	0.06512808290213148	0.08132656606783134	0.12818568548482137	0.092380066395998	0.14564989570873796	0.10637682859567887	0.13106488423064752	0.18329892897924194	0.052211921031472174	0.03270193373560828	0.04107513306300428	0.0	0.03296308865133336	0.023947415818354623	0.04886110020669208	0.06789215083667184	0.09714758921730954	0.08830587095980462	0.07667985372511303	0.04982259583108726	0.0854466023708427	0.07582531976154168	0.06382570768398627	0.10173907480031139	0.08025253572788459	0.058242161784887475	0.14187026012070036	0.15055172871400382	0.130749286577208	0.1298467041621401	0.1531652458470489	0.1222523017541387	0.13088568145712345	0.16899294922456037	0.1104703615779137	0.18827211133698937	0.17356930437708776	0.1869596024544766	0.24449683084611296	0.10816038308102564	0.13380373841217072	0.14435402874883524	0.1794825131790933	0.1671350872812162	0.15806376719612905	0.1843209414136124	0.2156044348047282	0.19664745648338366	
0.14137952974349421	0.12750904133445548	0.04625131311837615	0.07231560231130954	0.09931595176635775	0.05977183402947435	0.11312825164440393	0.07361773035012029	0.10001516814358072	0.15084536207488725	0.05178336521486651	0.05239756890934989	0.0567214656760121	0.03296308865133336	0.0	0.03377871928117445	0.01888487356303838	0.06766558446153868	0.0766428891143962	0.06053346357594094	0.04973162127333855	0.08110774685706447	0.11086792868590505	0.10765405883585992	0.07827658366281073	0.1255958234837409	0.10374194628258414	0.08358554199003936	0.1745261385193955	0.17923667150011482	0.15934163973361146	0.15076400956063493	0.17817168921303186	0.09249252945833748	0.15725721826244643	0.20160020019663674	0.14228310692848758	0.22071414323171545	0.20192506999440307	0.21142725053436684	0.2755563121607659	0.11882863934764958	0.1495382755650155	0.1615652846028028	0.2095094034775573	0.18549271097502254	0.18009189716966537	0.2033634118899747	0.23600722558824375	0.2210867730910169	
0.14093427578433293	0.13213659323190138	0.07762721126034954	0.09930717109127661	0.1327926533583529	0.09030298043889584	0.143054504820639	0.1032771963284175	0.11849708185168614	0.18066406137004223	0.07252525684840172	0.056626080453515616	0.023103353156813472	0.023947415818354623	0.03377871928117445	0.0	0.04073760811103837	0.04407101628445798	0.07667376148624952	0.09430138578945356	0.061568150262092725	0.0683906212952804	0.07759388058005541	0.09230352983572537	0.08768055822250916	0.12438104481842156	0.10324191808620713	0.08099084211008377	0.15452601567664137	0.1699867265657538	0.15044571807080578	0.15312408852948242	0.17495891778632844	0.10802529346615447	0.15213159883969912	0.18160979971721047	0.12618373176144804	0.20140067482476218	0.1931241090127563	0.20883698222903266	0.2605413367825625	0.13189714516664577	0.15771792002706508	0.16815467796533726	0.19731766228371378	0.1907593189837731	0.18094067690992666	0.20780378040739625	0.2387482027542595	0.21850075690995283	
0.16026412680276828	0.14624577229964641	0.055928412298728684	0.0850503252370586	0.09579143461664194	0.05013274290482612	0.10239847950103714	0.06267615495415083	0.08227456870713687	0.13995799626350264	0.06859210518363179	0.07125217023600805	0.06093737622809409	0.04886110020669208	0.01888487356303838	0.04073760811103837	0.0	0.06144550144781896	0.05924532423281035	0.06049268571325856	0.030931592595482442	0.0983780770537084	0.11735564163711493	0.12463285033836964	0.09683707800859673	0.14446491999355499	0.12260582997558714	0.10228764142494616	0.19053854964149733	0.19762270634687404	0.17772912139543326	0.1695873790250961	0.19702275048422835	0.07405191563260818	0.1759946453315452	0.21768688814942228	0.15929419398912695	0.23705929464130454	0.22040051691847834	0.23030458870435583	0.2931172752138049	0.1364433067826336	0.16784338452226183	0.18003506105573927	0.22752192313359249	0.20405454545195625	0.19894742613003025	0.22197779876717802	0.2547274767488334	0.23996583498123203	
0.1820729096997698	0.1750875013286548	0.11377759121667053	0.13943748233878822	0.15571753294088914	0.10706537558014162	0.15391577342267215	0.11673637848238612	0.11176508990179909	0.18947982692081178	0.1150553912572478	0.10058736177718942	0.03459387716350507	0.06789215083667184	0.06766558446153868	0.04407101628445798	0.06144550144781896	0.0	0.05359780929223627	0.12191497295800707	0.05965430295832648	0.10612707725734813	0.07627800113961615	0.12605091042472505	0.1317109989857594	0.16551285679267497	0.14512883764362566	0.12284064872045117	0.17974380336652568	0.2054470679734373	0.18665213101663475	0.1951612327953463	0.2142245669453289	0.09854760607854703	0.19073312863803493	0.20585968875373972	0.157171136425013	0.22597604187410703	0.22845194134698002	0.248005123682075	0.28906996075986824	0.17596723627597535	0.2012552794153222	0.21130248024247367	0.2297451285885932	0.233417302230576	0.22209056350085365	0.25009890390272044	0.2802329383142183	0.25756810205794584	
0.2149139747489674	0.20305475330237974	0.11261285410823166	0.14285271774321118	0.12941255411761873	0.08051259476827678	0.1145198067764096	0.08440594575313069	0.06170761702077425	0.14627734048648738	0.12779532474198224	0.1263769321871575	0.08161101934143107	0.09714758921730954	0.0766428891143962	0.07667376148624952	0.05924532423281035	0.05359780929223627	0.0	0.10624510214304506	0.03175111835800552	0.1450041091262602	0.12985696779315886	0.1688024694048819	0.15453024894239814	0.19858905414105085	0.17687519028606805	0.15520460876616632	0.2284993653311474	0.246618044812845	0.22701717439176583	0.22565463310515552	0.25030223179536804	0.04782874274097384	0.22798259296321208	0.2552295550263342	0.20225204076213096	0.2752700211529768	0.2697470565228151	0.28407153329459167	0.3362533539299946	0.19541781420155516	0.22599816351588467	0.23779183576875854	0.27386556679437796	0.26149194409805127	0.2544815145049826	0.27918954651764	0.31136196572369296	0.2937617189536453	
0.16265510196756902	0.1424835263760067	0.031138876956637845	0.053230354745792	0.03994220262645321	0.03088936681133545	0.06744567784572106	0.03963982484154368	0.09017882460805972	0.10227606740735863	0.06286143508407925	0.08845468871329377	0.11712641309580499	0.08830587095980462	0.06053346357594094	0.09430138578945356	0.06049268571325856	0.12191497295800707	0.10624510214304506	0.0	0.07504562311080189	0.1262915173491623	0.17115174005078995	0.15208768187472615	0.09663304161434713	0.1499968482063046	0.13055964053813723	0.11732946171465473	0.22013417224614504	0.210376718811997	0.1913149196214248	0.16651919941972698	0.20038385817840176	0.09137218069931909	0.1840079951332578	0.2462918480218286	0.18477398830764155	0.2639784491625999	0.23116048842704595	0.23055838632110326	0.3114044823727858	0.11998712279342719	0.1553513942212687	0.16892079687967523	0.24332793436144	0.19306288327417417	0.1956492047664671	0.21111712710408118	0.24490439274684347	0.23970456055723352	
0.19099201682375752	0.17717722343731368	0.08119531051388931	0.11161178416989793	0.1015027279353253	0.051701262344978786	0.09443368667070194	0.05872422946902212	0.05725355304534887	0.12983446709605623	0.09865526945503737	0.10187649034550217	0.07507562466174111	0.07667985372511303	0.04973162127333855	0.061568150262092725	0.030931592595482442	0.05965430295832648	0.03175111835800552	0.07504562311080189	0.0	0.1264407327108691	0.1300908581445498	0.15200926331753914	0.12774349992503264	0.17507714349025372	0.15320689470597243	0.13250171755415588	0.21593810944944933	0.22702258559780572	0.20716559772880475	0.20049340645932348	0.22753518773606343	0.046464002097783355	0.20618032085761356	0.24305834765449755	0.18646174712361652	0.2627737387312354	0.2499525273731545	0.2609403696394579	0.3208065668376746	0.166750906031139	0.19860573644007712	0.21088534185516405	0.25615683944889794	0.23494375216095412	0.22981845495058892	0.2528856716366647	0.285658424229658	0.27061316836063604	
0.07727829635552541	0.07559744513982007	0.09695354256438983	0.09817230658131215	0.16536803824128782	0.13768998407591826	0.1897915579833056	0.15191113593832067	0.18064966567135365	0.22680757372414062	0.06933046524805807	0.03846797867698044	0.07191935302313537	0.04982259583108726	0.08110774685706447	0.0683906212952804	0.0983780770537084	0.10612707725734813	0.1450041091262602	0.1262915173491623	0.1264407327108691	0.0	0.08267548205011967	0.026682450410203448	0.052322029715318484	0.06106755636852086	0.04367663265415255	0.025318193782080764	0.09460254549163431	0.10161396350362503	0.08205715146890388	0.09176186050809658	0.10809765091583988	0.17205932975063	0.08465929004581643	0.12137073665747047	0.06119918371424855	0.14006113795074196	0.1247449550406491	0.1418877161581441	0.19474841963846895	0.0899523794174219	0.10383277768043114	0.11116107804796548	0.1297446724323297	0.1309076475551097	0.11687055380648188	0.14644064480233182	0.17507642207885193	0.15146539728423467	
0.1539195907431514	0.15708446724223094	0.1504803556014938	0.16506348594023834	0.21018106556089558	0.16744931065365587	0.21946512091352446	0.17992455482585526	0.18598595740550322	0.25674982477412067	0.13466399971687432	0.1057671537347981	0.0565633411986297	0.0854466023708427	0.11086792868590505	0.07759388058005541	0.11735564163711493	0.07627800113961615	0.12985696779315886	0.17115174005078995	0.1300908581445498	0.08267548205011967	0.0	0.08603977208551856	0.13149311781018275	0.13936287530656366	0.125507450417929	0.10780249576719013	0.1160119659526217	0.15774181026516654	0.14241436017600187	0.16980936729317572	0.176237065757032	0.17337496516728618	0.1526822445091814	0.13940878749312285	0.10513790533867372	0.15909183105946031	0.17888548347405392	0.2075652344290619	0.2252130353674211	0.17231030755524399	0.1854180850132585	0.1913376418669653	0.1741662913824607	0.20861424199988923	0.19046602715854896	0.2222318374952515	0.2469338788981491	0.21632405018780726	
0.06811335573896368	0.07466600188337373	0.12214554083929062	0.1199182374057167	0.19071950159094572	0.16432366555805658	0.21625386233381655	0.1785450682492101	0.20688292524109836	0.25313534251757835	0.09292399463297521	0.06366161481552386	0.09147948008431821	0.07582531976154168	0.10765405883585992	0.09230352983572537	0.12463285033836964	0.12605091042472505	0.1688024694048819	0.15208768187472615	0.15200926331753914	0.026682450410203448	0.08603977208551856	0.0	0.06922583252724163	0.05450560829067896	0.04617747072741049	0.03982267647417947	0.068171692848043	0.07940678869881125	0.06093304319041603	0.08421650076805996	0.09176438391986655	0.19797025343784522	0.06786209470384859	0.0947810258845734	0.03466591616338914	0.11338323668496954	0.10240285649205076	0.12455714159356791	0.16880175926868726	0.09767532927277375	0.10234129303789959	0.10657956058821025	0.10506346093962388	0.12270522126649573	0.10459759421356932	0.13620522516038616	0.16172145390222897	0.13381576907916265	
0.06692998898827679	0.04976094424387728	0.06570100398280296	0.05310957120381141	0.13100596510170726	0.11810426272245196	0.16405841083092138	0.13143782561626272	0.1723302287437826	0.1984016036397413	0.034304201419563106	0.031191900144263537	0.10294443570633086	0.06382570768398627	0.07827658366281073	0.08768055822250916	0.09683707800859673	0.1317109989857594	0.15453024894239814	0.09663304161434713	0.12774349992503264	0.052322029715318484	0.13149311781018275	0.06922583252724163	0.0	0.05341333088668486	0.03443617688587181	0.029509453356214556	0.13200221106053525	0.11389282310504187	0.09514917272325807	0.07366937394266795	0.1048181900655561	0.1673755909049493	0.0874024270193992	0.15613777028978823	0.09542908281035994	0.17209054254774	0.13452978221266695	0.13655755921741017	0.21529389253184875	0.04448196725772128	0.0715262246850753	0.0833062809868655	0.14710808633075007	0.1072263933222065	0.10331964317934376	0.12514248904733968	0.15801222696315542	0.1460354754723705	
0.01657934041887757	0.02259252888997383	0.11911322266215112	0.10340899252386203	0.18337590339080284	0.17107846504709867	0.2174386687745053	0.18460064724374753	0.22355309355535216	0.25147486173846123	0.08763615006817264	0.07322040926375598	0.13206915692507462	0.10173907480031139	0.1255958234837409	0.12438104481842156	0.14446491999355499	0.16551285679267497	0.19858905414105085	0.1499968482063046	0.17507714349025372	0.06106755636852086	0.13936287530656366	0.05450560829067896	0.05341333088668486	0.0	0.021870280500702475	0.04350195010295977	0.09327418676789223	0.061312166833497765	0.04394551189529308	0.030828906955371757	0.05265340633152553	0.2174873841046381	0.03401403406562566	0.11297742374708522	0.05985785592945229	0.1260277077370371	0.08120429006625987	0.08586331499790875	0.16300983316654893	0.053791296049924074	0.04830623879214901	0.05213943867243769	0.09493431332422873	0.07002514551689809	0.05663046407002711	0.08537985872755327	0.11472016480703133	0.09553802711822965	
0.038038787190031086	0.03192105688644712	0.09945758973675148	0.08699090990221765	0.16543699182167323	0.1503280196182924	0.1978464634437432	0.1640266089800563	0.20197596731972017	0.23260139228014862	0.06773524512487641	0.05135594403081756	0.11230838766131714	0.08025253572788459	0.10374194628258414	0.10324191808620713	0.12260582997558714	0.14512883764362566	0.17687519028606805	0.13055964053813723	0.15320689470597243	0.04367663265415255	0.125507450417929	0.04617747072741049	0.03443617688587181	0.021870280500702475	0.0	0.02231489379614262	0.10040466585757153	0.0798405632353303	0.060812787907971046	0.05003719837162538	0.07444666956700724	0.19573589480683146	0.05450701014981246	0.1232532863424665	0.06421592632352889	0.1384422969913792	0.10110157269332226	0.10773359526667352	0.18097384269045289	0.05155966438600896	0.060180766150055666	0.06772418014502195	0.11282083339341871	0.0885353947647708	0.0778113493804784	0.10497621049088962	0.1355069476696396	0.1174079367479484	
0.05999835137595326	0.053006215639794824	0.08641438403125284	0.08056985589934468	0.15448500777403812	0.13396648488719465	0.18364537275990717	0.14798590503105435	0.18300490161378102	0.21952314429657618	0.0554427460358337	0.031727715214549056	0.0902306350047636	0.058242161784887475	0.08358554199003936	0.08099084211008377	0.10228764142494616	0.12284064872045117	0.15520460876616632	0.11732946171465473	0.13250171755415588	0.025318193782080764	0.10780249576719013	0.03982267647417947	0.029509453356214556	0.04350195010295977	0.02231489379614262	0.0	0.10468700262654619	0.09625476287013564	0.07644927573927907	0.07234562837913261	0.09523808804131297	0.1760430022271968	0.07371409218096099	0.1298996676876352	0.06838359321928753	0.14695736066603168	0.11863073167824063	0.1289096854348281	0.1952391933351534	0.0646405915401473	0.08061249068542056	0.08926403921180939	0.12778218027784652	0.1106762963781397	0.09996069745362492	0.12725884602950274	0.15778475339151513	0.1386011457622774	
0.09590899195097759	0.11528310256317101	0.18991470100570615	0.1848262557629736	0.2584504264307955	0.23222112547153004	0.28438053943796976	0.2464374556869874	0.27221267378973274	0.3213054736764725	0.1598502255825462	0.13168224696124775	0.14718633005779336	0.14187026012070036	0.1745261385193955	0.15452601567664137	0.19053854964149733	0.17974380336652568	0.2284993653311474	0.22013417224614504	0.21593810944944933	0.09460254549163431	0.1160119659526217	0.068171692848043	0.13200221106053525	0.09327418676789223	0.10040466585757153	0.10468700262654619	0.0	0.06085712778624537	0.05901886332701724	0.10964538569411475	0.09140579945839651	0.2623752806981833	0.0766251746351689	0.027159193702098055	0.036573374239754375	0.046889880484709205	0.0740883128545182	0.11194218172863153	0.10991833639831543	0.1469423945826795	0.13559544573846652	0.13277067854595334	0.061993544703939425	0.1374542387037757	0.11259216324142494	0.14338106174707382	0.15637183748285174	0.11830667143364626	
0.05330934684322224	0.0766492157153516	0.17929136769905005	0.16472115935716786	0.2445596916166213	0.22966628748322204	0.2776869123683974	0.24351527577821921	0.2790767778006901	0.3122942773292126	0.14757468024597054	0.1279783832709624	0.1708638266542013	0.15055172871400382	0.17923667150011482	0.1699867265657538	0.19762270634687404	0.2054470679734373	0.246618044812845	0.210376718811997	0.22702258559780572	0.10161396350362503	0.15774181026516654	0.07940678869881125	0.11389282310504187	0.061312166833497765	0.0798405632353303	0.09625476287013564	0.06085712778624537	0.0	0.01989585596172858	0.06072113118810549	0.0319898195633327	0.2716589437894567	0.028677250436678705	0.0669126227943209	0.0526244585147849	0.07306310369647402	0.02314355810523564	0.052370908469950954	0.10169866248343223	0.10974512493561074	0.08711387599969855	0.08022404304933771	0.03368933565739993	0.07920230762333244	0.05382730835809562	0.08303181208577269	0.09612027287282472	0.059976816908679224	
0.039828678892913666	0.0622380182352924	0.16018834025793155	0.14681414176256047	0.22610787910897187	0.21007287218782905	0.2585050318594824	0.22397138604926356	0.2591940644377486	0.2934101395193389	0.12845647542346805	0.10815850553969715	0.15206069190180624	0.130749286577208	0.15934163973361146	0.15044571807080578	0.17772912139543326	0.18665213101663475	0.22701717439176583	0.1913149196214248	0.20716559772880475	0.08205715146890388	0.14241436017600187	0.06093304319041603	0.09514917272325807	0.04394551189529308	0.060812787907971046	0.07644927573927907	0.05901886332701724	0.01989585596172858	0.0	0.05145158089441911	0.03569586877805526	0.25176373294433724	0.017660247401577792	0.07279428248183183	0.03908515166015984	0.0834287274607134	0.04282039470895744	0.06515554959145708	0.1201625280717792	0.09554346190817713	0.07799516878063423	0.07398357085785354	0.05201600577544256	0.07907341293048749	0.05499039816436597	0.08705031011440607	0.10609392685953077	0.0739567993551715	
0.016308852878814707	0.02421319698779988	0.1368531019386955	0.11562217560479651	0.1960609645027294	0.19069623906972988	0.23341077923182618	0.20354158752983548	0.24594924001460564	0.2654179935712202	0.10702951779326918	0.0992841773545527	0.1621664954900631	0.1298467041621401	0.15076400956063493	0.15312408852948242	0.1695873790250961	0.1951612327953463	0.22565463310515552	0.16651919941972698	0.20049340645932348	0.09176186050809658	0.16980936729317572	0.08421650076805996	0.07366937394266795	0.030828906955371757	0.05003719837162538	0.07234562837913261	0.10964538569411475	0.06072113118810549	0.05145158089441911	0.0	0.03664721232810244	0.24101806028719175	0.03411659019550623	0.12405052311779179	0.08179728430208524	0.13311620103511781	0.07351220485991711	0.06404659971112323	0.15735455049235333	0.05232136343441351	0.026701000461321303	0.023840230499509844	0.09239771170217588	0.03919805544657162	0.02966407632705379	0.054982797451888714	0.08579859050495725	0.073205812285736	
0.037894521984891	0.05871521689490194	0.1699949811543992	0.1508507993012899	0.23147323324970334	0.22292233020834434	0.26768651673326477	0.23621479166054626	0.27613998915600674	0.3005435623769685	0.13906913402619683	0.12577447849852033	0.17994794742273218	0.1531652458470489	0.17817168921303186	0.17495891778632844	0.19702275048422835	0.2142245669453289	0.25030223179536804	0.20038385817840176	0.22753518773606343	0.10809765091583988	0.176237065757032	0.09176438391986655	0.1048181900655561	0.05265340633152553	0.07444666956700724	0.09523808804131297	0.09140579945839651	0.0319898195633327	0.03569586877805526	0.03664721232810244	0.0	0.27014077109303547	0.023921442063649056	0.0988790679903016	0.07468336275086188	0.10390835679785704	0.03779458675745062	0.03388347165451035	0.12107764370755136	0.0889551935067912	0.06028324331603935	0.050948461265222844	0.058350689501311004	0.04722147742058426	0.021843069118504227	0.05208242590447116	0.0708903861588798	0.04354186919881159	
0.2328812492938911	0.21711830924538994	0.11042490244433886	0.14015406341274741	0.09998192810438715	0.06051062746291182	0.073304144642142	0.055957056202603515	0.01392007609624609	0.10074647501631352	0.13520139436074094	0.14461598109107188	0.12025663911860318	0.1222523017541387	0.09249252945833748	0.10802529346615447	0.07405191563260818	0.09854760607854703	0.04782874274097384	0.09137218069931909	0.046464002097783355	0.17205932975063	0.17337496516728618	0.19797025343784522	0.1673755909049493	0.2174873841046381	0.19573589480683146	0.1760430022271968	0.2623752806981833	0.2716589437894567	0.25176373294433724	0.24101806028719175	0.27014077109303547	0.0	0.24963862604306247	0.2895034669224827	0.23253285848796795	0.3091942675677682	0.2943993545742052	0.3030487193657162	0.3667343523490735	0.20231871639346258	0.236078005237685	0.24899049772151097	0.30150649568497145	0.2733477516041645	0.27063670628653985	0.2914934907415763	0.32486384263880125	0.31265711509200805	
0.024652296905425437	0.04797610361256964	0.15310141414807021	0.13694850409760426	0.21719054462505782	0.2047499352249834	0.2514477102135851	0.21836957544513802	0.2562425290844949	0.28544957290021944	0.12156475957564841	0.10503201759027295	0.15635792880762936	0.13088568145712345	0.15725721826244643	0.15213159883969912	0.1759946453315452	0.19073312863803493	0.22798259296321208	0.1840079951332578	0.20618032085761356	0.08465929004581643	0.1526822445091814	0.06786209470384859	0.0874024270193992	0.03401403406562566	0.05450701014981246	0.07371409218096099	0.0766251746351689	0.028677250436678705	0.017660247401577792	0.03411659019550623	0.023921442063649056	0.24963862604306247	0.0	0.08993843226301963	0.05347901195121773	0.09936278549316518	0.04720832800100009	0.05732094265096643	0.1297524818003131	0.0811312308932606	0.06079630669921675	0.056333582204216366	0.062191186177119114	0.06231421144517485	0.039378127119121344	0.07185756665378801	0.0942516572282952	0.0668429731218147	
0.11237244162189068	0.13379670636745108	0.2158242729092755	0.20922159197540208	0.2842332811485311	0.2590588528955949	0.31101265232305536	0.2732795585153105	0.29936966779656465	0.3477921279201931	0.18531493607474167	0.15793415632477367	0.17376044531177073	0.16899294922456037	0.20160020019663674	0.18160979971721047	0.21768688814942228	0.20585968875373972	0.2552295550263342	0.2462918480218286	0.24305834765449755	0.12137073665747047	0.13940878749312285	0.0947810258845734	0.15613777028978823	0.11297742374708522	0.1232532863424665	0.1298996676876352	0.027159193702098055	0.0669126227943209	0.07279428248183183	0.12405052311779179	0.0988790679903016	0.2895034669224827	0.08993843226301963	0.0	0.06160035788057538	0.02011635913479542	0.07171013862623571	0.11174453164890963	0.08597899792474041	0.16659595094561397	0.15070201171638792	0.14572075865886583	0.05326300292924336	0.14610053663283998	0.12072209680757984	0.14880832252358844	0.15603029718306027	0.1162107283464294	
0.06625970532008375	0.08242609275639459	0.1542362711974839	0.14828636884251928	0.22263314202318965	0.19844043713386156	0.2499052401376577	0.21265255593091117	0.24153470033287286	0.2864799073360423	0.12374745283396801	0.09655225756967319	0.12300586078350355	0.1104703615779137	0.14228310692848758	0.12618373176144804	0.15929419398912695	0.157171136425013	0.20225204076213096	0.18477398830764155	0.18646174712361652	0.06119918371424855	0.10513790533867372	0.03466591616338914	0.09542908281035994	0.05985785592945229	0.06421592632352889	0.06838359321928753	0.036573374239754375	0.0526244585147849	0.03908515166015984	0.08179728430208524	0.07468336275086188	0.23253285848796795	0.05347901195121773	0.06160035788057538	0.0	0.07936225398349356	0.07400088672936231	0.10349933641077994	0.13441112676555528	0.11250677391933862	0.10584607113677595	0.1056339406357215	0.07259490872645037	0.11546187421708612	0.09280478497234938	0.12523841886419906	0.14516324024491703	0.11185551414786396	
0.12317113340355618	0.14561846457786276	0.23327306477589096	0.22516968010083502	0.30143722444555654	0.27766622562919824	0.3292663597147176	0.29188557826118977	0.31891616763913205	0.3658168789492649	0.20236856345412824	0.1758982013302363	0.19383586125649024	0.18827211133698937	0.22071414323171545	0.20140067482476218	0.23705929464130454	0.22597604187410703	0.2752700211529768	0.2639784491625999	0.2627737387312354	0.14006113795074196	0.15909183105946031	0.11338323668496954	0.17209054254774	0.1260277077370371	0.1384422969913792	0.14695736066603168	0.046889880484709205	0.07306310369647402	0.0834287274607134	0.13311620103511781	0.10390835679785704	0.3091942675677682	0.09936278549316518	0.02011635913479542	0.07936225398349356	0.0	0.07136525286990403	0.11066216346099543	0.06705141369856937	0.17885966673594425	0.15975841331255491	0.15328683407005947	0.05003740665031101	0.15052460270990972	0.12541037373208777	0.15081843156092697	0.1536273792833262	0.11354002429556265	
0.07034118122666473	0.09328198169491128	0.2002024060417123	0.18397301740047892	0.26433644118761046	0.25138815853871443	0.29858759252301165	0.2651231430816615	0.30162001584832204	0.33265778656968625	0.16859303063858272	0.15034149998641266	0.193882029572216	0.17356930437708776	0.20192506999440307	0.1931241090127563	0.22040051691847834	0.22845194134698002	0.2697470565228151	0.23116048842704595	0.2499525273731545	0.1247449550406491	0.17888548347405392	0.10240285649205076	0.13452978221266695	0.08120429006625987	0.10110157269332226	0.11863073167824063	0.0740883128545182	0.02314355810523564	0.04282039470895744	0.07351220485991711	0.03779458675745062	0.2943993545742052	0.04720832800100009	0.07171013862623571	0.07400088672936231	0.07136525286990403	0.0	0.04005391609416463	0.08393165401013285	0.12524744782787964	0.09804714687679629	0.08856352563817119	0.02197427913049088	0.08094640548670277	0.056946390513469274	0.07957626417831336	0.08436502777396741	0.04485352530158486	
0.07016769537834748	0.08811154787181974	0.20075801308703758	0.17948481558911844	0.2596935088989652	0.2543634158688497	0.29744057168639937	0.26736904910717607	0.30866317947355154	0.32917398102530737	0.17049622806063056	0.15907622912613084	0.21366613703333065	0.1869596024544766	0.21142725053436684	0.20883698222903266	0.23030458870435583	0.248005123682075	0.28407153329459167	0.23055838632110326	0.2609403696394579	0.1418877161581441	0.2075652344290619	0.12455714159356791	0.13655755921741017	0.08586331499790875	0.10773359526667352	0.1289096854348281	0.11194218172863153	0.052370908469950954	0.06515554959145708	0.06404659971112323	0.03388347165451035	0.3030487193657162	0.05732094265096643	0.11174453164890963	0.10349933641077994	0.11066216346099543	0.04005391609416463	0.0	0.10754120385645405	0.114304234165247	0.08077730523155764	0.06807155871866812	0.060624837013591636	0.05128199145734118	0.03573749712745385	0.043516776917556184	0.04459923479437516	0.00969148585428965	
0.15381090023598665	0.1769860844731377	0.280266873898191	0.26641818525428873	0.34617277446006706	0.32917074631444987	0.37846173408813516	0.3432183226443087	0.37537530105972666	0.41355759211066084	0.24854635183463186	0.22648047602820584	0.25580021461865304	0.24449683084611296	0.2755563121607659	0.2605413367825625	0.2931172752138049	0.28906996075986824	0.3362533539299946	0.3114044823727858	0.3208065668376746	0.19474841963846895	0.2252130353674211	0.16880175926868726	0.21529389253184875	0.16300983316654893	0.18097384269045289	0.1952391933351534	0.10991833639831543	0.10169866248343223	0.1201625280717792	0.15735455049235333	0.12107764370755136	0.3667343523490735	0.1297524818003131	0.08597899792474041	0.13441112676555528	0.06705141369856937	0.08393165401013285	0.10754120385645405	0.0	0.20917424989002587	0.18114869589557794	0.17059614761126116	0.06819456174240127	0.15818851407958157	0.1374564101820616	0.1506690615348386	0.13846021535034797	0.10448306966066129	
